org_id remap_id
19 0
26 1
33 2
36 3
39 4
41 5
47 6
48 7
51 8
63 9
68 10
69 11
0 12
73 13
75 14
76 15
77 16
79 17
80 18
81 19
82 20
83 21
84 22
87 23
88 24
89 25
90 26
91 27
92 28
93 29
94 30
96 31
103 32
111 33
113 34
114 35
120 36
121 37
139 38
142 39
144 40
145 41
149 42
150 43
153 44
154 45
157 46
160 47
162 48
164 49
165 50
169 51
171 52
174 53
176 54
177 55
181 56
189 57
199 58
202 59
204 60
219 61
222 62
227 63
230 64
231 65
232 66
233 67
234 68
236 69
240 70
242 71
243 72
244 73
248 74
249 75
251 76
257 77
259 78
260 79
267 80
269 81
270 82
274 83
275 84
276 85
277 86
279 87
281 88
292 89
293 90
294 91
295 92
300 93
303 94
304 95
306 96
311 97
313 98
315 99
318 100
322 101
323 102
329 103
335 104
341 105
347 106
353 107
354 108
355 109
357 110
359 111
375 112
376 113
380 114
382 115
383 116
386 117
390 118
394 119
398 120
401 121
404 122
406 123
407 124
418 125
420 126
423 127
425 128
426 129
427 130
430 131
436 132
437 133
438 134
439 135
440 136
443 137
447 138
457 139
458 140
459 141
460 142
465 143
466 144
468 145
471 146
472 147
473 148
475 149
476 150
477 151
479 152
481 153
484 154
485 155
486 156
491 157
495 158
496 159
503 160
506 161
510 162
512 163
529 164
542 165
548 166
552 167
24051 168
32515 169
21810 170
26353 171
22004 172
21453 173
11412 174
26047 175
30194 176
17085 177
31564 178
22901 179
21454 180
17075 181
7259 182
22017 183
17078 184
17086 185
12019 186
17076 187
3026 188
4813 189
14898 190
4821 191
12453 192
8026 193
21565 194
9970 195
12415 196
26356 197
15041 198
14899 199
6010 200
26348 201
20878 202
4806 203
4808 204
1785 205
3722 206
1143 207
1089 208
3278 209
2330 210
1470 211
2154 212
1939 213
1380 214
4256 215
1837 216
918 217
4257 218
4258 219
4259 220
1057 221
4133 222
1983 223
2033 224
1965 225
4261 226
2162 227
1062 228
4072 229
4263 230
3715 231
1971 232
1119 233
2026 234
4268 235
2082 236
1471 237
1713 238
2036 239
4155 240
1420 241
2025 242
4270 243
3750 244
2542 245
2206 246
1122 247
1048 248
1928 249
1952 250
1116 251
2202 252
4102 253
1556 254
4139 255
1459 256
4036 257
927 258
7193 259
1250 260
1798 261
4186 262
7465 263
6615 264
1621 265
2702 266
6164 267
1953 268
1114 269
9745 270
1258 271
912 272
2093 273
1104 274
660 275
2172 276
8271 277
19734 278
4106 279
2199 280
2678 281
5465 282
1570 283
7910 284
1165 285
5531 286
4653 287
7886 288
5485 289
13819 290
4373 291
1256 292
10256 293
7084 294
11614 295
1431 296
19871 297
1172 298
7623 299
11507 300
2165 301
897 302
7827 303
9065 304
8946 305
6569 306
1904 307
20601 308
10720 309
9674 310
13763 311
2324 312
5532 313
13121 314
5539 315
2604 316
6563 317
2284 318
20307 319
15952 320
3928 321
18037 322
19190 323
6320 324
16835 325
4770 326
5249 327
15617 328
16234 329
23383 330
20951 331
7387 332
874 333
8088 334
16808 335
21672 336
18495 337
880 338
19265 339
16041 340
25219 341
10282 342
8876 343
16867 344
16240 345
20932 346
25064 347
16241 348
16780 349
16846 350
20947 351
16825 352
18494 353
19786 354
18949 355
29249 356
21668 357
21279 358
19512 359
16829 360
15619 361
7375 362
18491 363
16892 364
31382 365
28823 366
20946 367
23117 368
29837 369
32220 370
29281 371
36937 372
21664 373
14243 374
7792 375
12383 376
7496 377
7986 378
13386 379
8717 380
1200 381
7882 382
4120 383
4560 384
7019 385
13299 386
4524 387
6575 388
4707 389
3703 390
4404 391
1429 392
1524 393
6497 394
6214 395
11959 396
6111 397
11478 398
8742 399
1423 400
4881 401
4465 402
4543 403
1156 404
10591 405
4528 406
6212 407
1404 408
17185 409
13301 410
1442 411
13905 412
7765 413
16580 414
12381 415
12934 416
1657 417
10684 418
4460 419
6077 420
4343 421
1474 422
4486 423
2915 424
15270 425
4075 426
23282 427
2596 428
12143 429
6531 430
2224 431
6540 432
10247 433
1246 434
1398 435
1261 436
2772 437
762 438
2706 439
1638 440
12356 441
3218 442
1972 443
2445 444
4152 445
4300 446
8719 447
6666 448
14821 449
1255 450
1109 451
1031 452
1944 453
1111 454
4443 455
8952 456
3294 457
2804 458
9057 459
2467 460
1995 461
1035 462
1683 463
13372 464
1922 465
4555 466
20478 467
7658 468
727 469
1600 470
15652 471
9826 472
4665 473
12151 474
15275 475
1044 476
9431 477
3167 478
1543 479
743 480
1682 481
4281 482
10437 483
9067 484
7147 485
821 486
19653 487
6384 488
10600 489
7333 490
11894 491
9494 492
3574 493
1551 494
7392 495
16585 496
3480 497
28915 498
10614 499
16361 500
843 501
786 502
3069 503
3701 504
760 505
21407 506
21623 507
842 508
2176 509
3489 510
15702 511
24062 512
7424 513
2023 514
12904 515
731 516
2737 517
19707 518
28902 519
703 520
1138 521
1134 522
1829 523
5190 524
5469 525
1640 526
2071 527
1196 528
1968 529
2038 530
1799 531
1916 532
2559 533
1793 534
4160 535
4450 536
2111 537
13389 538
4200 539
2512 540
1894 541
7468 542
2244 543
1323 544
7394 545
1805 546
8784 547
13288 548
1979 549
1426 550
1992 551
9450 552
2193 553
3343 554
929 555
2048 556
1322 557
2226 558
8177 559
1923 560
1176 561
9775 562
3493 563
930 564
2835 565
1193 566
1982 567
13130 568
9904 569
5468 570
21170 571
4197 572
9665 573
1103 574
2593 575
10931 576
2293 577
23547 578
7506 579
2506 580
6487 581
8740 582
4488 583
4670 584
3811 585
10449 586
2098 587
3372 588
1249 589
2279 590
1910 591
2403 592
20671 593
16256 594
16267 595
20179 596
862 597
7371 598
3162 599
18183 600
17900 601
13527 602
3432 603
16311 604
3154 605
9081 606
16168 607
26458 608
26259 609
18744 610
16317 611
31349 612
33389 613
16851 614
14527 615
28740 616
18986 617
18263 618
3906 619
3999 620
25206 621
26263 622
21117 623
3939 624
17833 625
3161 626
20776 627
20942 628
16005 629
16601 630
9609 631
27044 632
20255 633
18496 634
24228 635
23166 636
21135 637
27284 638
27067 639
27057 640
3145 641
16966 642
3851 643
27739 644
21121 645
20348 646
27471 647
16028 648
27285 649
18012 650
14526 651
14488 652
20349 653
16202 654
27036 655
16022 656
16212 657
25204 658
29250 659
27503 660
26965 661
20970 662
16351 663
23968 664
30085 665
18008 666
17442 667
23600 668
16403 669
29605 670
28302 671
26076 672
29284 673
3490 674
2134 675
1602 676
2680 677
7277 678
4178 679
2904 680
2787 681
4886 682
5917 683
4830 684
1537 685
7052 686
649 687
2801 688
10394 689
6046 690
11071 691
14521 692
5020 693
3309 694
1826 695
7652 696
8750 697
2886 698
9474 699
5378 700
4274 701
826 702
13790 703
13573 704
1078 705
12897 706
3590 707
2175 708
6027 709
17127 710
13668 711
14213 712
17143 713
6905 714
8691 715
10410 716
24937 717
9569 718
20628 719
6030 720
4999 721
8677 722
16379 723
8344 724
22233 725
16622 726
7313 727
22435 728
5026 729
11633 730
3639 731
11636 732
28963 733
12330 734
23686 735
35520 736
15444 737
6 738
2849 739
2731 740
3077 741
5148 742
18005 743
857 744
4188 745
14676 746
9146 747
6885 748
653 749
6716 750
853 751
3281 752
4280 753
2099 754
2699 755
2050 756
1721 757
5012 758
2141 759
7956 760
4313 761
2800 762
783 763
855 764
4959 765
868 766
3277 767
7337 768
3323 769
8303 770
7247 771
1005 772
4164 773
2844 774
7544 775
2869 776
3356 777
3819 778
798 779
3555 780
4305 781
7914 782
4079 783
9558 784
3502 785
8284 786
10440 787
3253 788
7434 789
8389 790
4500 791
1853 792
18169 793
13443 794
3313 795
3259 796
7762 797
9153 798
3322 799
10052 800
8679 801
1596 802
1170 803
6941 804
7639 805
3601 806
5235 807
768 808
8649 809
8752 810
3426 811
4331 812
13016 813
4247 814
6138 815
1059 816
3598 817
9104 818
665 819
3245 820
9578 821
14402 822
1001 823
14364 824
10208 825
2179 826
1538 827
1072 828
1617 829
5212 830
5598 831
2090 832
4018 833
8845 834
10784 835
2548 836
12927 837
1202 838
4399 839
9757 840
10319 841
1631 842
3717 843
5517 844
2271 845
5538 846
7121 847
1615 848
3725 849
1218 850
13481 851
1034 852
4483 853
6262 854
4485 855
1465 856
2550 857
9788 858
5620 859
7469 860
1970 861
1661 862
13 863
8074 864
7488 865
3379 866
1635 867
10890 868
2820 869
8959 870
9860 871
1579 872
2380 873
19885 874
899 875
1067 876
6308 877
11547 878
24135 879
3371 880
4466 881
2704 882
4459 883
6232 884
659 885
1184 886
7354 887
7153 888
1560 889
7942 890
1425 891
5484 892
1194 893
1195 894
2392 895
5136 896
2064 897
1373 898
4539 899
1070 900
16824 901
16664 902
18937 903
16845 904
21678 905
19259 906
14272 907
16045 908
16858 909
21239 910
15932 911
20127 912
18559 913
30735 914
17816 915
27093 916
3958 917
25178 918
18923 919
7366 920
12784 921
11114 922
13089 923
27099 924
16328 925
22399 926
16348 927
20116 928
10987 929
22327 930
16797 931
16306 932
26235 933
17897 934
19193 935
20972 936
17824 937
15859 938
4001 939
27432 940
23684 941
7365 942
18715 943
15864 944
10223 945
20084 946
27456 947
16726 948
3840 949
16541 950
9636 951
20840 952
26955 953
16826 954
16879 955
5248 956
21411 957
15955 958
25787 959
16091 960
22311 961
17795 962
3957 963
27457 964
11112 965
26729 966
27055 967
27579 968
14882 969
24810 970
27184 971
3952 972
27276 973
28299 974
22317 975
19479 976
16113 977
19528 978
2691 979
24948 980
27557 981
16268 982
26823 983
30009 984
20960 985
25504 986
22397 987
25087 988
4557 989
18488 990
3352 991
1010 992
3176 993
27641 994
16179 995
26456 996
16878 997
17275 998
27569 999
24520 1000
887 1001
27581 1002
27659 1003
20940 1004
27614 1005
27586 1006
27490 1007
28507 1008
24169 1009
25207 1010
27543 1011
3972 1012
27640 1013
3143 1014
22396 1015
25988 1016
27741 1017
27078 1018
21421 1019
23963 1020
25078 1021
17823 1022
27038 1023
27670 1024
17828 1025
34353 1026
27674 1027
27355 1028
19951 1029
27744 1030
35503 1031
27410 1032
28171 1033
25717 1034
32784 1035
29260 1036
11475 1037
24816 1038
27725 1039
20168 1040
31297 1041
35038 1042
27318 1043
20964 1044
34659 1045
27727 1046
31352 1047
10207 1048
30267 1049
33874 1050
17798 1051
36027 1052
35030 1053
27519 1054
7386 1055
16552 1056
22953 1057
23019 1058
11446 1059
16018 1060
16188 1061
27322 1062
16066 1063
17895 1064
18288 1065
15990 1066
18519 1067
16696 1068
26942 1069
16717 1070
13436 1071
17902 1072
27560 1073
4010 1074
15598 1075
18592 1076
31346 1077
25065 1078
20885 1079
25763 1080
11124 1081
23111 1082
25996 1083
24185 1084
26469 1085
27695 1086
18736 1087
30448 1088
26951 1089
15958 1090
17975 1091
9611 1092
32664 1093
6653 1094
21459 1095
2695 1096
19024 1097
7573 1098
5906 1099
12312 1100
2641 1101
8427 1102
22546 1103
3497 1104
20890 1105
20925 1106
24960 1107
16166 1108
27730 1109
28166 1110
3152 1111
35101 1112
883 1113
7890 1114
5051 1115
22766 1116
6765 1117
5016 1118
5711 1119
7870 1120
5269 1121
1446 1122
8672 1123
21857 1124
12614 1125
9259 1126
7702 1127
12624 1128
12613 1129
3692 1130
9574 1131
19721 1132
3770 1133
9265 1134
9565 1135
3647 1136
3615 1137
21225 1138
27799 1139
12164 1140
18783 1141
5380 1142
2899 1143
4087 1144
6061 1145
4956 1146
5666 1147
17137 1148
29710 1149
12628 1150
4080 1151
10241 1152
3803 1153
3700 1154
10834 1155
19713 1156
3629 1157
14423 1158
8406 1159
24061 1160
5680 1161
12605 1162
14582 1163
10801 1164
4506 1165
3787 1166
12676 1167
4939 1168
11225 1169
19690 1170
22147 1171
18073 1172
10496 1173
24455 1174
8346 1175
10863 1176
25765 1177
25205 1178
16539 1179
29619 1180
16481 1181
32106 1182
23078 1183
34870 1184
27692 1185
3431 1186
14841 1187
11460 1188
25233 1189
15986 1190
22750 1191
16860 1192
27814 1193
20843 1194
29585 1195
16044 1196
24952 1197
29313 1198
33650 1199
10281 1200
26457 1201
31390 1202
22463 1203
13522 1204
15996 1205
33514 1206
15846 1207
26748 1208
24957 1209
20087 1210
33903 1211
8403 1212
3678 1213
9155 1214
6740 1215
14532 1216
3623 1217
4911 1218
7314 1219
9138 1220
1533 1221
8412 1222
8320 1223
12313 1224
6798 1225
5175 1226
10234 1227
2852 1228
5181 1229
14539 1230
12907 1231
14541 1232
5396 1233
13282 1234
3632 1235
14403 1236
14396 1237
8417 1238
14416 1239
14546 1240
13277 1241
25054 1242
4949 1243
19701 1244
13579 1245
19676 1246
4976 1247
3670 1248
28334 1249
3676 1250
8318 1251
3324 1252
8343 1253
3291 1254
8436 1255
3608 1256
9193 1257
7428 1258
8640 1259
9501 1260
13025 1261
12910 1262
32585 1263
18791 1264
16623 1265
5024 1266
14671 1267
31585 1268
20241 1269
7953 1270
15056 1271
27773 1272
29993 1273
2686 1274
1073 1275
1329 1276
924 1277
1493 1278
3702 1279
4892 1280
5362 1281
1254 1282
1487 1283
6433 1284
1245 1285
7501 1286
901 1287
2417 1288
4144 1289
1515 1290
7298 1291
17669 1292
4032 1293
13745 1294
12337 1295
1855 1296
8376 1297
13754 1298
7502 1299
7190 1300
9822 1301
9838 1302
1438 1303
7509 1304
1406 1305
9818 1306
14983 1307
17681 1308
14418 1309
5626 1310
8540 1311
6451 1312
10683 1313
1317 1314
7627 1315
11501 1316
11966 1317
15643 1318
1457 1319
15669 1320
21566 1321
16003 1322
27489 1323
18511 1324
17819 1325
32921 1326
18017 1327
17301 1328
17835 1329
25279 1330
26196 1331
27532 1332
27620 1333
30537 1334
24723 1335
9642 1336
27567 1337
27498 1338
18732 1339
27561 1340
16274 1341
27437 1342
27472 1343
32703 1344
27555 1345
32298 1346
32161 1347
20973 1348
30391 1349
32566 1350
30450 1351
23053 1352
28385 1353
30544 1354
30766 1355
32860 1356
29298 1357
30652 1358
27736 1359
27479 1360
27709 1361
20922 1362
33831 1363
32868 1364
27562 1365
32780 1366
35040 1367
27714 1368
32865 1369
28220 1370
31614 1371
30863 1372
33767 1373
16105 1374
33397 1375
28453 1376
28223 1377
18328 1378
24573 1379
34815 1380
27430 1381
29314 1382
33354 1383
34415 1384
30989 1385
33735 1386
30445 1387
35237 1388
33873 1389
30271 1390
32304 1391
33352 1392
18343 1393
34492 1394
27058 1395
35835 1396
33614 1397
37710 1398
36231 1399
35874 1400
37632 1401
21243 1402
37780 1403
28225 1404
1100 1405
1810 1406
1696 1407
1077 1408
12828 1409
4237 1410
14823 1411
15172 1412
2198 1413
6263 1414
7287 1415
14798 1416
11833 1417
13314 1418
31976 1419
1129 1420
33818 1421
11333 1422
11592 1423
11997 1424
2248 1425
7263 1426
2630 1427
8201 1428
20480 1429
3423 1430
4787 1431
2670 1432
2045 1433
17515 1434
2598 1435
2602 1436
4667 1437
2341 1438
4372 1439
12304 1440
2219 1441
4422 1442
1095 1443
902 1444
2533 1445
2120 1446
1264 1447
14469 1448
2623 1449
5461 1450
1025 1451
721 1452
12 1453
1480 1454
2803 1455
2014 1456
15 1457
2910 1458
2806 1459
5685 1460
8326 1461
2724 1462
11892 1463
9553 1464
15311 1465
2342 1466
2367 1467
12593 1468
1377 1469
906 1470
2399 1471
22674 1472
4335 1473
2607 1474
12135 1475
1583 1476
4441 1477
2462 1478
11540 1479
9026 1480
8385 1481
30834 1482
2028 1483
15749 1484
15685 1485
2609 1486
4415 1487
5480 1488
9019 1489
1818 1490
18664 1491
7062 1492
12694 1493
19944 1494
11631 1495
1038 1496
1050 1497
3358 1498
12717 1499
13744 1500
23125 1501
5826 1502
2123 1503
6500 1504
1555 1505
13900 1506
25616 1507
11946 1508
4135 1509
10787 1510
1058 1511
1247 1512
4122 1513
11496 1514
1620 1515
6241 1516
1499 1517
7485 1518
1068 1519
2344 1520
1098 1521
13626 1522
9796 1523
5209 1524
1240 1525
1496 1526
4172 1527
6576 1528
3832 1529
1121 1530
8772 1531
2335 1532
1336 1533
4613 1534
1624 1535
9461 1536
16419 1537
2285 1538
3018 1539
4812 1540
10558 1541
14709 1542
18887 1543
12455 1544
19922 1545
9595 1546
3003 1547
21781 1548
5927 1549
23345 1550
15815 1551
18188 1552
16648 1553
16767 1554
7372 1555
16565 1556
19506 1557
18455 1558
23175 1559
2694 1560
16056 1561
21277 1562
27308 1563
4700 1564
16012 1565
16059 1566
2693 1567
13530 1568
18723 1569
28821 1570
20838 1571
22838 1572
3870 1573
10570 1574
16173 1575
15847 1576
17276 1577
16646 1578
16296 1579
16561 1580
13516 1581
23969 1582
26461 1583
16650 1584
26952 1585
16644 1586
16314 1587
3934 1588
21420 1589
878 1590
16848 1591
27684 1592
17883 1593
1896 1594
6216 1595
1244 1596
1402 1597
7489 1598
5471 1599
799 1600
8267 1601
2705 1602
1257 1603
4661 1604
10133 1605
8763 1606
2579 1607
8773 1608
4662 1609
7490 1610
6502 1611
8822 1612
2553 1613
20538 1614
13097 1615
7630 1616
2496 1617
35083 1618
35193 1619
2523 1620
12878 1621
18135 1622
1063 1623
2709 1624
774 1625
2168 1626
2022 1627
6198 1628
4162 1629
6827 1630
1718 1631
5156 1632
7422 1633
2959 1634
6271 1635
4590 1636
3496 1637
3510 1638
2808 1639
4314 1640
1941 1641
6651 1642
8650 1643
636 1644
4685 1645
11303 1646
3280 1647
29813 1648
7210 1649
2685 1650
11886 1651
782 1652
10857 1653
4654 1654
7491 1655
13125 1656
3719 1657
2535 1658
8813 1659
1135 1660
10685 1661
4369 1662
8774 1663
8816 1664
13482 1665
7909 1666
4608 1667
13093 1668
23560 1669
24352 1670
1223 1671
20311 1672
7070 1673
14420 1674
17249 1675
7199 1676
4030 1677
1590 1678
1967 1679
7123 1680
1087 1681
25139 1682
14589 1683
7126 1684
7098 1685
6423 1686
890 1687
16923 1688
4426 1689
28725 1690
1141 1691
8192 1692
13485 1693
903 1694
9831 1695
22035 1696
15111 1697
10900 1698
1996 1699
2378 1700
4439 1701
6192 1702
21867 1703
33584 1704
9761 1705
6621 1706
2309 1707
20283 1708
36867 1709
8836 1710
7635 1711
1639 1712
8909 1713
1054 1714
7975 1715
5227 1716
5511 1717
7339 1718
10 1719
1053 1720
2222 1721
914 1722
1812 1723
3236 1724
710 1725
3045 1726
9629 1727
8563 1728
772 1729
9425 1730
5642 1731
2389 1732
9432 1733
13817 1734
9758 1735
7968 1736
1847 1737
2942 1738
2799 1739
1616 1740
2701 1741
8764 1742
7937 1743
8188 1744
1157 1745
1816 1746
2009 1747
11106 1748
9747 1749
14577 1750
2428 1751
5228 1752
2366 1753
19470 1754
5381 1755
7324 1756
7111 1757
2537 1758
1893 1759
30810 1760
18431 1761
31691 1762
34933 1763
15475 1764
911 1765
2782 1766
4495 1767
3284 1768
2012 1769
2797 1770
6652 1771
7239 1772
1018 1773
2638 1774
773 1775
2019 1776
737 1777
813 1778
14196 1779
3788 1780
6159 1781
4711 1782
2902 1783
8667 1784
6142 1785
6715 1786
19709 1787
6053 1788
3600 1789
14348 1790
2017 1791
3605 1792
9547 1793
14319 1794
2845 1795
3782 1796
3807 1797
16377 1798
4505 1799
3777 1800
12601 1801
15434 1802
17715 1803
14404 1804
4963 1805
3699 1806
650 1807
6044 1808
14377 1809
8686 1810
12015 1811
16251 1812
14369 1813
20418 1814
9540 1815
9279 1816
12984 1817
9267 1818
2725 1819
852 1820
9557 1821
8336 1822
3650 1823
3801 1824
12809 1825
2170 1826
11814 1827
10446 1828
3317 1829
2809 1830
12017 1831
3648 1832
3248 1833
10488 1834
25897 1835
9981 1836
17145 1837
7707 1838
14646 1839
8693 1840
6268 1841
21751 1842
13784 1843
6659 1844
13508 1845
12635 1846
16618 1847
790 1848
18844 1849
5727 1850
22177 1851
3654 1852
10456 1853
1548 1854
8324 1855
2887 1856
3075 1857
3684 1858
6861 1859
13575 1860
10450 1861
12888 1862
24559 1863
9986 1864
5842 1865
3300 1866
1531 1867
28880 1868
5323 1869
8278 1870
6927 1871
10474 1872
28914 1873
25860 1874
12791 1875
11064 1876
8603 1877
4705 1878
10413 1879
22157 1880
8594 1881
7828 1882
3603 1883
9256 1884
3642 1885
17641 1886
24452 1887
14680 1888
24864 1889
4903 1890
2963 1891
19448 1892
20587 1893
12155 1894
32608 1895
22989 1896
27891 1897
7335 1898
10606 1899
6048 1900
6215 1901
8971 1902
4301 1903
2897 1904
860 1905
2901 1906
716 1907
3790 1908
7238 1909
2015 1910
5234 1911
3606 1912
5320 1913
6058 1914
4330 1915
3760 1916
10373 1917
2900 1918
6954 1919
3793 1920
9980 1921
7829 1922
3529 1923
25798 1924
3637 1925
13240 1926
3568 1927
12821 1928
8341 1929
796 1930
5023 1931
10432 1932
3812 1933
4275 1934
9984 1935
10569 1936
20342 1937
2813 1938
981 1939
2866 1940
9389 1941
2013 1942
2739 1943
6119 1944
9270 1945
3065 1946
1532 1947
676 1948
9213 1949
709 1950
1541 1951
9251 1952
811 1953
845 1954
10191 1955
5361 1956
8696 1957
7881 1958
7357 1959
1422 1960
1187 1961
1030 1962
7150 1963
7342 1964
7151 1965
8921 1966
1042 1967
8849 1968
7571 1969
5750 1970
1046 1971
4319 1972
1527 1973
15140 1974
17685 1975
18107 1976
3290 1977
15692 1978
14568 1979
3651 1980
2020 1981
9258 1982
5021 1983
4927 1984
4962 1985
10508 1986
19018 1987
22144 1988
10219 1989
9114 1990
25115 1991
9247 1992
13611 1993
733 1994
22282 1995
5701 1996
10374 1997
22984 1998
7261 1999
12988 2000
3800 2001
14421 2002
28899 2003
19062 2004
21358 2005
29955 2006
3649 2007
10463 2008
1565 2009
19735 2010
25663 2011
2031 2012
8827 2013
8858 2014
9525 2015
2227 2016
919 2017
5473 2018
5194 2019
1478 2020
1797 2021
10829 2022
15514 2023
5472 2024
8781 2025
3834 2026
1574 2027
7114 2028
10790 2029
8850 2030
2221 2031
2320 2032
4078 2033
3778 2034
2927 2035
4498 2036
12643 2037
18649 2038
4929 2039
685 2040
15417 2041
2905 2042
4589 2043
10408 2044
4970 2045
6278 2046
2834 2047
18786 2048
10395 2049
5037 2050
4901 2051
4796 2052
19007 2053
5389 2054
9235 2055
9365 2056
7446 2057
30617 2058
10429 2059
4938 2060
22765 2061
3087 2062
2718 2063
10752 2064
28356 2065
1707 2066
3506 2067
6654 2068
3783 2069
9545 2070
5709 2071
5040 2072
5721 2073
2853 2074
6152 2075
3057 2076
12311 2077
18089 2078
4910 2079
15807 2080
15092 2081
5232 2082
21816 2083
8639 2084
4953 2085
7712 2086
7722 2087
10806 2088
10792 2089
13793 2090
2814 2091
8628 2092
3763 2093
812 2094
22133 2095
2714 2096
696 2097
3054 2098
10214 2099
4904 2100
7984 2101
7226 2102
5173 2103
7425 2104
17121 2105
8409 2106
3583 2107
5147 2108
17861 2109
9241 2110
28091 2111
1540 2112
9260 2113
6063 2114
10443 2115
10504 2116
5014 2117
712 2118
2941 2119
6254 2120
4497 2121
678 2122
6252 2123
3667 2124
9263 2125
11 2126
8624 2127
1003 2128
16384 2129
8287 2130
4936 2131
26483 2132
18499 2133
3918 2134
6043 2135
18967 2136
7873 2137
8425 2138
7442 2139
4091 2140
11403 2141
9567 2142
7718 2143
12885 2144
7245 2145
7719 2146
8305 2147
11046 2148
3626 2149
15705 2150
10335 2151
3062 2152
21206 2153
8527 2154
18112 2155
14346 2156
9111 2157
8012 2158
3796 2159
5001 2160
11229 2161
7597 2162
10497 2163
28142 2164
3806 2165
2182 2166
5868 2167
7877 2168
2906 2169
6059 2170
2770 2171
13259 2172
9552 2173
4971 2174
7307 2175
787 2176
11301 2177
8334 2178
656 2179
7706 2180
12943 2181
3085 2182
10077 2183
9579 2184
2859 2185
3771 2186
15512 2187
3064 2188
15418 2189
12896 2190
6830 2191
14183 2192
24880 2193
16248 2194
24863 2195
5068 2196
14216 2197
15441 2198
4955 2199
7432 2200
3074 2201
14679 2202
25352 2203
14211 2204
3789 2205
20745 2206
14371 2207
32990 2208
15457 2209
14867 2210
15491 2211
3076 2212
8323 2213
7312 2214
5319 2215
9171 2216
3312 2217
3519 2218
10436 2219
19581 2220
16386 2221
5285 2222
4502 2223
7440 2224
2838 2225
11374 2226
28071 2227
14956 2228
17178 2229
3081 2230
711 2231
22234 2232
6931 2233
22129 2234
14654 2235
8957 2236
6729 2237
8599 2238
13609 2239
19959 2240
11377 2241
14942 2242
34722 2243
33668 2244
20747 2245
6724 2246
35024 2247
9502 2248
8396 2249
30067 2250
5054 2251
2964 2252
28896 2253
35690 2254
8399 2255
14945 2256
30520 2257
26011 2258
35944 2259
10212 2260
3802 2261
3618 2262
3641 2263
4862 2264
7130 2265
27772 2266
7643 2267
2788 2268
12331 2269
13774 2270
30746 2271
22781 2272
14397 2273
24462 2274
8690 2275
15439 2276
12938 2277
33066 2278
19065 2279
3518 2280
12673 2281
13281 2282
6144 2283
22412 2284
9012 2285
7938 2286
844 2287
8665 2288
12830 2289
4896 2290
9582 2291
11652 2292
11895 2293
13576 2294
30242 2295
3525 2296
31748 2297
6033 2298
692 2299
8328 2300
7435 2301
13686 2302
5393 2303
20400 2304
24454 2305
35202 2306
3325 2307
26812 2308
21409 2309
26015 2310
31750 2311
33562 2312
3998 2313
16237 2314
3179 2315
12608 2316
5382 2317
21410 2318
33067 2319
35205 2320
35206 2321
7711 2322
9893 2323
18790 2324
851 2325
10499 2326
31756 2327
24461 2328
27835 2329
31713 2330
12906 2331
26571 2332
24457 2333
13036 2334
32140 2335
26016 2336
34503 2337
22280 2338
18174 2339
7872 2340
9368 2341
13033 2342
15414 2343
2881 2344
20438 2345
22411 2346
33697 2347
15474 2348
5850 2349
37051 2350
26014 2351
9284 2352
24875 2353
13038 2354
16226 2355
21844 2356
24579 2357
767 2358
11486 2359
4879 2360
4334 2361
2081 2362
7570 2363
11585 2364
3827 2365
8537 2366
3137 2367
7299 2368
7830 2369
10832 2370
4726 2371
13566 2372
814 2373
785 2374
18763 2375
9989 2376
4585 2377
6038 2378
3584 2379
1645 2380
4183 2381
1393 2382
1642 2383
4173 2384
1391 2385
4548 2386
1091 2387
7341 2388
1045 2389
1378 2390
2637 2391
2874 2392
666 2393
7880 2394
1529 2395
1546 2396
4310 2397
5116 2398
2682 2399
1441 2400
2916 2401
1105 2402
2184 2403
2864 2404
3686 2405
9191 2406
11396 2407
12606 2408
8317 2409
8299 2410
8653 2411
2871 2412
3311 2413
4993 2414
3643 2415
10920 2416
17714 2417
4998 2418
847 2419
3526 2420
15506 2421
5499 2422
12783 2423
4937 2424
11318 2425
8329 2426
4293 2427
5678 2428
8279 2429
5717 2430
5176 2431
3784 2432
15665 2433
9287 2434
16625 2435
5339 2436
5401 2437
16075 2438
3968 2439
16740 2440
26548 2441
8083 2442
23731 2443
31064 2444
13087 2445
33834 2446
28745 2447
35223 2448
25083 2449
28396 2450
28839 2451
34269 2452
16707 2453
16814 2454
24953 2455
9603 2456
5559 2457
13099 2458
2978 2459
5987 2460
21563 2461
26357 2462
3683 2463
4086 2464
792 2465
6846 2466
7138 2467
5690 2468
22180 2469
8327 2470
13590 2471
17698 2472
9244 2473
2898 2474
10839 2475
11634 2476
20571 2477
7438 2478
14444 2479
7358 2480
882 2481
871 2482
7361 2483
25998 2484
15821 2485
20720 2486
23821 2487
20948 2488
20694 2489
20118 2490
22540 2491
24327 2492
16905 2493
3156 2494
16781 2495
20837 2496
20968 2497
26485 2498
28810 2499
16822 2500
18749 2501
23471 2502
32056 2503
11474 2504
25221 2505
30388 2506
23601 2507
16093 2508
16679 2509
21281 2510
21665 2511
20930 2512
3876 2513
15206 2514
18990 2515
14286 2516
11454 2517
16081 2518
14284 2519
16469 2520
18858 2521
16844 2522
20971 2523
22828 2524
11425 2525
6760 2526
5056 2527
11035 2528
6036 2529
3635 2530
11245 2531
11422 2532
12891 2533
13015 2534
13662 2535
2878 2536
3655 2537
722 2538
6787 2539
1627 2540
10420 2541
3305 2542
5172 2543
2883 2544
9264 2545
8285 2546
3421 2547
11732 2548
8313 2549
3061 2550
5022 2551
9261 2552
2858 2553
5279 2554
5069 2555
8652 2556
3307 2557
6742 2558
11066 2559
6146 2560
8310 2561
6128 2562
8647 2563
5351 2564
3593 2565
11056 2566
2786 2567
5017 2568
3063 2569
4957 2570
2885 2571
14391 2572
8755 2573
8626 2574
12600 2575
8415 2576
4282 2577
11068 2578
3621 2579
3669 2580
13555 2581
7591 2582
9172 2583
14405 2584
12898 2585
11729 2586
3129 2587
3255 2588
3627 2589
3652 2590
14949 2591
6708 2592
26382 2593
13683 2594
22262 2595
2635 2596
12825 2597
3424 2598
4709 2599
8689 2600
6894 2601
13558 2602
6274 2603
9168 2604
4081 2605
9484 2606
9232 2607
7246 2608
3491 2609
5860 2610
14212 2611
9564 2612
6047 2613
7653 2614
5036 2615
6718 2616
14925 2617
5063 2618
13669 2619
10457 2620
14412 2621
12159 2622
2767 2623
15024 2624
10447 2625
12607 2626
8753 2627
3523 2628
11065 2629
3613 2630
6709 2631
12779 2632
17055 2633
14388 2634
28137 2635
24590 2636
2735 2637
14643 2638
28049 2639
8018 2640
9581 2641
4510 2642
13499 2643
18042 2644
7163 2645
20240 2646
31788 2647
26572 2648
19649 2649
7816 2650
1432 2651
8697 2652
8795 2653
1552 2654
2057 2655
1189 2656
3741 2657
18158 2658
892 2659
898 2660
1243 2661
7787 2662
5619 2663
22672 2664
19224 2665
7104 2666
10321 2667
7136 2668
8964 2669
5216 2670
10378 2671
5794 2672
25523 2673
8683 2674
18769 2675
6062 2676
8635 2677
10487 2678
8681 2679
15443 2680
14333 2681
4899 2682
5356 2683
14379 2684
10466 2685
30353 2686
6797 2687
4283 2688
16 2689
4284 2690
1628 2691
4294 2692
769 2693
2791 2694
9988 2695
1017 2696
1090 2697
824 2698
704 2699
5869 2700
827 2701
7613 2702
11650 2703
3130 2704
3483 2705
3258 2706
8232 2707
2818 2708
3430 2709
6649 2710
8 2711
3479 2712
4513 2713
4527 2714
7699 2715
1486 2716
7780 2717
6204 2718
4364 2719
4538 2720
4515 2721
4534 2722
7187 2723
1388 2724
6606 2725
1428 2726
4521 2727
1324 2728
6662 2729
4207 2730
1384 2731
4531 2732
8195 2733
1473 2734
4476 2735
1152 2736
4114 2737
6554 2738
1040 2739
1149 2740
1518 2741
3268 2742
4180 2743
1421 2744
4395 2745
4170 2746
5 2747
4327 2748
7191 2749
1145 2750
4630 2751
1321 2752
1439 2753
1253 2754
1502 2755
4408 2756
3262 2757
4375 2758
7750 2759
3820 2760
1412 2761
1619 2762
1066 2763
9020 2764
1901 2765
1102 2766
1512 2767
1055 2768
1130 2769
4158 2770
1604 2771
4126 2772
4425 2773
4530 2774
6187 2775
1320 2776
1458 2777
904 2778
1051 2779
2509 2780
2700 2781
4471 2782
1327 2783
1463 2784
6174 2785
10092 2786
6247 2787
1136 2788
6443 2789
4633 2790
13714 2791
7822 2792
4328 2793
6190 2794
8205 2795
10251 2796
4359 2797
10691 2798
1482 2799
3050 2800
3726 2801
5543 2802
1330 2803
4876 2804
7038 2805
5079 2806
4484 2807
10743 2808
1318 2809
6702 2810
8721 2811
6239 2812
9751 2813
5363 2814
7 2815
7944 2816
6974 2817
1489 2818
1430 2819
7753 2820
1166 2821
12581 2822
11716 2823
9768 2824
11576 2825
1387 2826
1056 2827
2822 2828
1492 2829
1137 2830
7802 2831
928 2832
905 2833
16935 2834
1854 2835
907 2836
10642 2837
9414 2838
781 2839
11583 2840
1654 2841
6922 2842
11532 2843
7786 2844
7389 2845
1882 2846
1199 2847
2236 2848
3260 2849
10244 2850
2683 2851
6421 2852
1637 2853
1614 2854
2112 2855
7450 2856
15126 2857
1509 2858
15154 2859
7487 2860
2278 2861
7977 2862
4396 2863
9725 2864
8262 2865
2212 2866
4387 2867
10627 2868
4035 2869
1817 2870
10951 2871
4 2872
7176 2873
11027 2874
2156 2875
2584 2876
6387 2877
10128 2878
7889 2879
14716 2880
4621 2881
2333 2882
1504 2883
14721 2884
17289 2885
10349 2886
9006 2887
1043 2888
6470 2889
10944 2890
4205 2891
2617 2892
1948 2893
6092 2894
7025 2895
3821 2896
9736 2897
10365 2898
6244 2899
6942 2900
11842 2901
9789 2902
2232 2903
2139 2904
6613 2905
9390 2906
15136 2907
4189 2908
10858 2909
4445 2910
8269 2911
6533 2912
13448 2913
11504 2914
20284 2915
10130 2916
7631 2917
6580 2918
5477 2919
8780 2920
11505 2921
2632 2922
6619 2923
17245 2924
20448 2925
10593 2926
1409 2927
776 2928
2936 2929
7763 2930
14766 2931
652 2932
2796 2933
4034 2934
7177 2935
20235 2936
9702 2937
19209 2938
15651 2939
12328 2940
2779 2941
14456 2942
15277 2943
15686 2944
25461 2945
1577 2946
780 2947
15642 2948
13747 2949
22386 2950
21625 2951
26836 2952
1534 2953
25138 2954
11661 2955
2781 2956
1039 2957
8864 2958
7695 2959
2106 2960
4627 2961
4648 2962
4544 2963
4577 2964
5257 2965
10668 2966
1386 2967
3831 2968
3265 2969
11712 2970
6223 2971
3275 2972
4191 2973
17920 2974
1865 2975
12715 2976
2103 2977
14445 2978
6108 2979
6928 2980
8695 2981
8642 2982
6385 2983
5371 2984
19643 2985
34232 2986
7815 2987
19866 2988
3765 2989
13273 2990
17190 2991
30208 2992
7583 2993
7861 2994
1956 2995
6841 2996
2965 2997
11978 2998
12871 2999
8197 3000
2458 3001
24034 3002
20443 3003
5772 3004
9800 3005
2482 3006
9454 3007
26095 3008
2409 3009
4376 3010
4412 3011
1490 3012
3733 3013
1153 3014
5215 3015
8730 3016
1128 3017
1715 3018
2096 3019
5111 3020
6634 3021
4234 3022
1927 3023
4418 3024
2443 3025
2011 3026
5134 3027
5753 3028
10248 3029
2047 3030
1607 3031
3335 3032
6687 3033
6676 3034
1643 3035
2095 3036
3508 3037
2008 3038
5094 3039
1155 3040
2056 3041
5258 3042
12070 3043
1132 3044
8152 3045
11274 3046
1838 3047
1849 3048
8473 3049
2085 3050
4569 3051
5524 3052
6170 3053
6226 3054
2083 3055
4073 3056
3336 3057
5769 3058
2144 3059
5108 3060
5743 3061
20683 3062
1862 3063
1688 3064
2160 3065
16416 3066
2262 3067
4112 3068
12387 3069
1874 3070
2087 3071
11596 3072
10672 3073
5482 3074
2032 3075
4297 3076
2063 3077
1814 3078
8235 3079
11520 3080
3272 3081
3747 3082
1840 3083
11327 3084
4871 3085
2140 3086
2276 3087
1230 3088
1804 3089
3048 3090
15844 3091
12763 3092
2089 3093
3450 3094
26555 3095
9670 3096
2334 3097
8487 3098
11879 3099
2185 3100
2379 3101
3383 3102
11995 3103
9227 3104
12002 3105
3269 3106
8558 3107
13760 3108
7395 3109
11235 3110
19222 3111
11983 3112
13794 3113
9459 3114
26158 3115
12752 3116
2079 3117
9467 3118
13835 3119
25264 3120
36915 3121
7550 3122
7399 3123
1802 3124
12857 3125
2118 3126
2275 3127
2196 3128
13759 3129
15671 3130
25329 3131
1913 3132
6636 3133
7382 3134
18544 3135
19089 3136
11450 3137
23264 3138
29747 3139
22730 3140
27518 3141
25975 3142
21682 3143
27539 3144
27666 3145
26455 3146
27864 3147
20079 3148
21549 3149
18194 3150
28119 3151
31336 3152
28393 3153
28286 3154
1065 3155
6391 3156
1162 3157
15079 3158
1084 3159
1452 3160
1870 3161
2147 3162
7300 3163
4074 3164
2044 3165
7047 3166
2225 3167
2189 3168
2166 3169
6982 3170
17238 3171
5265 3172
23607 3173
1049 3174
6695 3175
4181 3176
9805 3177
5345 3178
10074 3179
2756 3180
9624 3181
1716 3182
9515 3183
8601 3184
4710 3185
10605 3186
9266 3187
1709 3188
3239 3189
12849 3190
657 3191
11541 3192
7316 3193
8529 3194
4501 3195
35257 3196
9286 3197
10465 3198
893 3199
8839 3200
13209 3201
18654 3202
6918 3203
11053 3204
13503 3205
6272 3206
3540 3207
11920 3208
12889 3209
10798 3210
13001 3211
12764 3212
9367 3213
14656 3214
2855 3215
10998 3216
13791 3217
25491 3218
24986 3219
12654 3220
12450 3221
14902 3222
17042 3223
5923 3224
5938 3225
16233 3226
6013 3227
17049 3228
16928 3229
19112 3230
9602 3231
12436 3232
5669 3233
5691 3234
683 3235
5188 3236
5488 3237
5350 3238
14617 3239
2785 3240
4897 3241
700 3242
2708 3243
3541 3244
3516 3245
6977 3246
1542 3247
3756 3248
5489 3249
4278 3250
668 3251
3514 3252
11386 3253
3500 3254
3537 3255
7609 3256
5876 3257
3624 3258
3596 3259
8404 3260
4494 3261
6057 3262
6826 3263
6761 3264
5322 3265
2732 3266
8669 3267
2846 3268
8342 3269
2842 3270
3604 3271
4865 3272
4964 3273
8433 3274
14946 3275
1530 3276
1547 3277
4161 3278
1717 3279
4111 3280
2794 3281
714 3282
2938 3283
5153 3284
5504 3285
6197 3286
4996 3287
8171 3288
794 3289
2784 3290
12978 3291
7323 3292
3495 3293
2815 3294
765 3295
10372 3296
17717 3297
11651 3298
14964 3299
17919 3300
17548 3301
980 3302
11288 3303
4978 3304
2766 3305
3418 3306
14191 3307
4948 3308
17780 3309
20675 3310
30540 3311
21422 3312
3922 3313
27269 3314
29318 3315
21547 3316
27644 3317
19515 3318
30650 3319
17807 3320
3931 3321
27476 3322
27161 3323
18997 3324
1029 3325
27379 3326
30580 3327
27523 3328
27735 3329
27391 3330
14514 3331
27206 3332
22565 3333
32724 3334
24227 3335
3930 3336
10736 3337
25071 3338
21412 3339
10698 3340
18325 3341
20846 3342
34003 3343
17879 3344
4777 3345
28585 3346
29607 3347
27680 3348
16320 3349
23071 3350
20147 3351
19766 3352
17802 3353
16774 3354
20957 3355
20527 3356
23733 3357
31620 3358
34579 3359
16284 3360
17771 3361
32939 3362
27733 3363
5065 3364
34435 3365
16658 3366
21158 3367
16278 3368
31383 3369
31289 3370
30253 3371
32886 3372
35502 3373
27635 3374
32867 3375
35041 3376
27329 3377
20081 3378
33913 3379
22859 3380
36086 3381
27706 3382
20974 3383
36065 3384
2932 3385
1139 3386
1985 3387
4388 3388
2614 3389
1903 3390
7562 3391
2088 3392
1646 3393
2229 3394
8414 3395
2716 3396
771 3397
5340 3398
2775 3399
739 3400
669 3401
3133 3402
3083 3403
4101 3404
4979 3405
12941 3406
8641 3407
766 3408
4900 3409
11384 3410
2865 3411
13441 3412
3545 3413
8655 3414
3306 3415
13496 3416
3592 3417
1629 3418
7832 3419
34344 3420
2171 3421
36641 3422
33560 3423
25069 3424
16197 3425
24858 3426
19264 3427
3846 3428
25079 3429
9528 3430
15610 3431
863 3432
27509 3433
14281 3434
23431 3435
27211 3436
25729 3437
26588 3438
25603 3439
25718 3440
7363 3441
18286 3442
17811 3443
6269 3444
11810 3445
4980 3446
859 3447
8636 3448
12166 3449
3645 3450
2891 3451
10598 3452
12119 3453
9580 3454
21853 3455
18624 3456
4791 3457
7248 3458
13028 3459
12990 3460
674 3461
6020 3462
14389 3463
9051 3464
8585 3465
3698 3466
24453 3467
15450 3468
19694 3469
20584 3470
29329 3471
3677 3472
6753 3473
27975 3474
3672 3475
14179 3476
5062 3477
693 3478
6952 3479
26760 3480
6930 3481
9562 3482
6871 3483
7952 3484
3687 3485
18173 3486
6148 3487
18623 3488
22272 3489
5271 3490
34555 3491
30776 3492
34928 3493
3691 3494
17713 3495
14658 3496
10510 3497
9156 3498
15563 3499
20416 3500
6912 3501
18170 3502
34935 3503
2326 3504
7966 3505
4157 3506
5778 3507
11293 3508
21312 3509
5463 3510
2109 3511
11839 3512
7752 3513
2358 3514
2505 3515
8895 3516
3287 3517
1212 3518
7548 3519
2381 3520
10325 3521
10700 3522
2027 3523
2525 3524
1075 3525
19896 3526
22072 3527
2351 3528
1843 3529
9911 3530
2517 3531
2526 3532
3457 3533
5812 3534
5810 3535
2594 3536
15683 3537
13477 3538
2298 3539
8824 3540
31180 3541
13860 3542
1418 3543
10766 3544
2433 3545
6434 3546
4606 3547
4198 3548
3704 3549
8709 3550
10350 3551
6565 3552
4651 3553
6412 3554
6432 3555
925 3556
8373 3557
6392 3558
11883 3559
12930 3560
23354 3561
4103 3562
7096 3563
6529 3564
4449 3565
18856 3566
19945 3567
8613 3568
4895 3569
10805 3570
12636 3571
4943 3572
15466 3573
770 3574
15459 3575
11286 3576
13018 3577
11073 3578
4867 3579
9472 3580
11487 3581
4873 3582
3830 3583
1554 3584
2712 3585
5577 3586
9070 3587
8887 3588
6475 3589
4511 3590
2780 3591
6094 3592
662 3593
12881 3594
6249 3595
6469 3596
2907 3597
37212 3598
8281 3599
1880 3600
20529 3601
11510 3602
10134 3603
5453 3604
1519 3605
20036 3606
11994 3607
2396 3608
22556 3609
15037 3610
9605 3611
12451 3612
4840 3613
9593 3614
5367 3615
21562 3616
5992 3617
5550 3618
5948 3619
12129 3620
5530 3621
8810 3622
1252 3623
1177 3624
4455 3625
6523 3626
1385 3627
10659 3628
4877 3629
1451 3630
923 3631
30294 3632
1144 3633
13800 3634
19540 3635
19125 3636
6168 3637
6071 3638
1522 3639
6078 3640
2246 3641
3738 3642
1069 3643
9087 3644
8556 3645
2765 3646
4332 3647
6658 3648
3622 3649
2826 3650
7310 3651
3767 3652
9148 3653
8707 3654
3630 3655
8596 3656
3633 3657
5493 3658
6049 3659
5660 3660
5268 3661
725 3662
14170 3663
10367 3664
4492 3665
12638 3666
7228 3667
7242 3668
8332 3669
14650 3670
14651 3671
11896 3672
5177 3673
5061 3674
6960 3675
2867 3676
14652 3677
3804 3678
4312 3679
13019 3680
9277 3681
2829 3682
10470 3683
6703 3684
6719 3685
8419 3686
8692 3687
13023 3688
14659 3689
14660 3690
8756 3691
13041 3692
34594 3693
23946 3694
3634 3695
6015 3696
13280 3697
21356 3698
12911 3699
17631 3700
4094 3701
3609 3702
3247 3703
8633 3704
14339 3705
715 3706
7833 3707
4859 3708
9506 3709
10490 3710
9283 3711
6773 3712
13574 3713
9140 3714
13769 3715
5049 3716
3556 3717
12772 3718
6877 3719
11355 3720
1004 3721
5718 3722
7347 3723
6153 3724
11047 3725
4966 3726
14160 3727
9113 3728
6784 3729
3759 3730
846 3731
784 3732
3791 3733
9584 3734
7642 3735
7436 3736
9214 3737
1860 3738
8644 3739
4864 3740
5698 3741
7545 3742
5845 3743
10371 3744
2751 3745
17072 3746
10409 3747
10397 3748
23501 3749
10442 3750
23285 3751
4919 3752
9273 3753
2742 3754
2793 3755
654 3756
10431 3757
2763 3758
13544 3759
9585 3760
18782 3761
10481 3762
33804 3763
23492 3764
8037 3765
3638 3766
10610 3767
25001 3768
7595 3769
2830 3770
3554 3771
11380 3772
3797 3773
9151 3774
8668 3775
8143 3776
2896 3777
25590 3778
8321 3779
11376 3780
14383 3781
14446 3782
8657 3783
8645 3784
32435 3785
4925 3786
35976 3787
11284 3788
5018 3789
797 3790
10390 3791
12899 3792
12810 3793
6845 3794
28898 3795
15456 3796
6926 3797
13770 3798
10380 3799
3628 3800
5384 3801
14410 3802
22170 3803
13446 3804
19865 3805
32693 3806
7811 3807
10495 3808
10482 3809
8530 3810
33680 3811
2877 3812
4348 3813
3828 3814
1580 3815
3 3816
5807 3817
12993 3818
10125 3819
10660 3820
10673 3821
1644 3822
4636 3823
1115 3824
10775 3825
4626 3826
10949 3827
5487 3828
1315 3829
1918 3830
5100 3831
10644 3832
5518 3833
10623 3834
1108 3835
15099 3836
15644 3837
9834 3838
1262 3839
6439 3840
8799 3841
4474 3842
810 3843
12855 3844
12346 3845
6431 3846
5110 3847
9572 3848
1011 3849
973 3850
5399 3851
24790 3852
23656 3853
27350 3854
20857 3855
16108 3856
27354 3857
4794 3858
15973 3859
30529 3860
13698 3861
18185 3862
20941 3863
22502 3864
15616 3865
18789 3866
9640 3867
20256 3868
30390 3869
29465 3870
24796 3871
34292 3872
33479 3873
23265 3874
36129 3875
4490 3876
8369 3877
1828 3878
1127 3879
11753 3880
11498 3881
8796 3882
24329 3883
15135 3884
4658 3885
4519 3886
6184 3887
11511 3888
6456 3889
26137 3890
6701 3891
24345 3892
4323 3893
9753 3894
7024 3895
13412 3896
8034 3897
31907 3898
7963 3899
12827 3900
17633 3901
8632 3902
15432 3903
5046 3904
5053 3905
13026 3906
690 3907
8578 3908
14166 3909
9577 3910
9165 3911
8011 3912
16266 3913
21812 3914
4795 3915
16305 3916
25994 3917
18482 3918
18713 3919
16891 3920
3186 3921
870 3922
16304 3923
17903 3924
7328 3925
15861 3926
14275 3927
3170 3928
27720 3929
877 3930
24784 3931
18092 3932
3072 3933
10615 3934
8968 3935
8014 3936
5723 3937
8651 3938
3503 3939
12167 3940
3520 3941
2895 3942
8550 3943
4588 3944
1000 3945
7608 3946
1443 3947
7233 3948
2720 3949
1549 3950
738 3951
3507 3952
1006 3953
3536 3954
8016 3955
11379 3956
6795 3957
12936 3958
6899 3959
3808 3960
11302 3961
4304 3962
2957 3963
9975 3964
3320 3965
5276 3966
3573 3967
18975 3968
12116 3969
12619 3970
11045 3971
13002 3972
13610 3973
18895 3974
8294 3975
17117 3976
9139 3977
11401 3978
8424 3979
14347 3980
17649 3981
17619 3982
32634 3983
12826 3984
14951 3985
14214 3986
2944 3987
17638 3988
3625 3989
7715 3990
807 3991
9890 3992
23493 3993
19852 3994
20510 3995
6123 3996
22701 3997
24911 3998
22609 3999
27679 4000
31384 4001
33739 4002
819 4003
19159 4004
675 4005
1711 4006
1445 4007
2748 4008
4783 4009
5799 4010
1934 4011
4302 4012
740 4013
4303 4014
9174 4015
5346 4016
10240 4017
9278 4018
2821 4019
2875 4020
10111 4021
14678 4022
6722 4023
30490 4024
16611 4025
11397 4026
15461 4027
10427 4028
15052 4029
31712 4030
27795 4031
1175 4032
9666 4033
4882 4034
3456 4035
4473 4036
1831 4037
28253 4038
12474 4039
15038 4040
21953 4041
3031 4042
12527 4043
28615 4044
5233 4045
17455 4046
11024 4047
24602 4048
10452 4049
13487 4050
17744 4051
5398 4052
15436 4053
12775 4054
15447 4055
15420 4056
10236 4057
15440 4058
21745 4059
23497 4060
14215 4061
14218 4062
14424 4063
17632 4064
28007 4065
10486 4066
9136 4067
15437 4068
6203 4069
16621 4070
9291 4071
15452 4072
26308 4073
22678 4074
22287 4075
24460 4076
28294 4077
30210 4078
12935 4079
5278 4080
21746 4081
14442 4082
24464 4083
15477 4084
16635 4085
16649 4086
3355 4087
21129 4088
22294 4089
27234 4090
16660 4091
27274 4092
20693 4093
17762 4094
25072 4095
17778 4096
22496 4097
3158 4098
27731 4099
27521 4100
16818 4101
17815 4102
31379 4103
36121 4104
30017 4105
3695 4106
8616 4107
3817 4108
2903 4109
8634 4110
4933 4111
2769 4112
795 4113
7235 4114
2736 4115
800 4116
2783 4117
11290 4118
15419 4119
3570 4120
1331 4121
1842 4122
7250 4123
3453 4124
2259 4125
4893 4126
6943 4127
1998 4128
7558 4129
35244 4130
12645 4131
1259 4132
7508 4133
8830 4134
23139 4135
6566 4136
10096 4137
17341 4138
12595 4139
1513 4140
17342 4141
922 4142
24373 4143
7626 4144
1427 4145
9018 4146
13408 4147
10880 4148
6647 4149
2723 4150
2792 4151
2757 4152
17 4153
2643 4154
9987 4155
14406 4156
6732 4157
5491 4158
5354 4159
2734 4160
4535 4161
7766 4162
8557 4163
2029 4164
2127 4165
1220 4166
4360 4167
7404 4168
10772 4169
1702 4170
20219 4171
4299 4172
1395 4173
11593 4174
14719 4175
1506 4176
2163 4177
10781 4178
4398 4179
2135 4180
4217 4181
14779 4182
2104 4183
2494 4184
11955 4185
3557 4186
3530 4187
729 4188
3511 4189
3550 4190
3512 4191
4092 4192
4306 4193
3513 4194
708 4195
3597 4196
27449 4197
16901 4198
16661 4199
16034 4200
7377 4201
15613 4202
24766 4203
18956 4204
16282 4205
18339 4206
3316 4207
718 4208
23109 4209
16336 4210
16049 4211
18936 4212
20007 4213
18994 4214
29183 4215
16123 4216
21413 4217
28307 4218
20858 4219
11449 4220
4772 4221
6764 4222
9542 4223
5067 4224
3674 4225
13595 4226
7584 4227
17694 4228
6017 4229
10235 4230
21195 4231
11383 4232
10966 4233
20398 4234
28849 4235
11694 4236
5395 4237
26012 4238
1383 4239
4168 4240
1949 4241
5097 4242
3338 4243
11353 4244
5645 4245
2092 4246
10899 4247
17650 4248
1203 4249
1238 4250
9864 4251
4562 4252
894 4253
2137 4254
5744 4255
15251 4256
6476 4257
1142 4258
1581 4259
10091 4260
2239 4261
802 4262
1993 4263
25092 4264
17673 4265
6564 4266
20223 4267
26180 4268
8860 4269
6543 4270
4663 4271
28328 4272
5610 4273
6465 4274
30372 4275
19127 4276
11226 4277
2825 4278
3614 4279
30056 4280
19578 4281
3127 4282
14318 4283
11433 4284
8525 4285
5270 4286
9160 4287
6751 4288
10913 4289
3084 4290
7280 4291
3688 4292
5665 4293
14855 4294
4945 4295
17643 4296
699 4297
5357 4298
8688 4299
5844 4300
20573 4301
6803 4302
10107 4303
13263 4304
5182 4305
4508 4306
7894 4307
979 4308
10469 4309
12886 4310
15393 4311
17149 4312
7352 4313
6911 4314
12689 4315
8592 4316
32456 4317
6136 4318
19234 4319
18069 4320
6628 4321
7046 4322
6878 4323
25170 4324
20744 4325
5341 4326
31469 4327
14334 4328
13267 4329
6915 4330
12545 4331
12864 4332
9573 4333
11026 4334
28881 4335
8664 4336
14863 4337
6655 4338
34904 4339
30463 4340
24561 4341
4402 4342
1455 4343
13734 4344
2663 4345
9719 4346
11962 4347
1460 4348
2547 4349
5854 4350
6945 4351
30206 4352
12767 4353
27071 4354
873 4355
20919 4356
18607 4357
16346 4358
17832 4359
18865 4360
24917 4361
16791 4362
16270 4363
30480 4364
4771 4365
32536 4366
27040 4367
27029 4368
23348 4369
3940 4370
20099 4371
13520 4372
15608 4373
16236 4374
3996 4375
15985 4376
7369 4377
16735 4378
689 4379
688 4380
26531 4381
23438 4382
29492 4383
16694 4384
20853 4385
16127 4386
13642 4387
2698 4388
16204 4389
16342 4390
29170 4391
18451 4392
23388 4393
2690 4394
19884 4395
16729 4396
15862 4397
14499 4398
4905 4399
2640 4400
8153 4401
6836 4402
10331 4403
9243 4404
6739 4405
6837 4406
5913 4407
3602 4408
5801 4409
11733 4410
5673 4411
4915 4412
12894 4413
6258 4414
2860 4415
15433 4416
8435 4417
6060 4418
24562 4419
3071 4420
5383 4421
15516 4422
14336 4423
7162 4424
14340 4425
8333 4426
15425 4427
8345 4428
11693 4429
5390 4430
14384 4431
9550 4432
648 4433
15513 4434
10460 4435
2384 4436
5852 4437
22762 4438
7586 4439
9285 4440
15426 4441
30065 4442
25596 4443
9 4444
10377 4445
29053 4446
21408 4447
30757 4448
31511 4449
19502 4450
3991 4451
11469 4452
25781 4453
11467 4454
22715 4455
28580 4456
11466 4457
27512 4458
27628 4459
27087 4460
5331 4461
24183 4462
23089 4463
21674 4464
16833 4465
27585 4466
27193 4467
20389 4468
33041 4469
30988 4470
32305 4471
29537 4472
7636 4473
28535 4474
35457 4475
20526 4476
20120 4477
16122 4478
18948 4479
18876 4480
18738 4481
2697 4482
3166 4483
15987 4484
14276 4485
20347 4486
3865 4487
16269 4488
7380 4489
20692 4490
18943 4491
25577 4492
20943 4493
18988 4494
20369 4495
19173 4496
14838 4497
16678 4498
15201 4499
19776 4500
16671 4501
16280 4502
24231 4503
17014 4504
2696 4505
17255 4506
18201 4507
18489 4508
23177 4509
3148 4510
25853 4511
21670 4512
16048 4513
9551 4514
3856 4515
17880 4516
26957 4517
23967 4518
6134 4519
6817 4520
5726 4521
1710 4522
4914 4523
4634 4524
4337 4525
10856 4526
4623 4527
22171 4528
15306 4529
6551 4530
2823 4531
4995 4532
13014 4533
4083 4534
5377 4535
11745 4536
2365 4537
3852 4538
19529 4539
3155 4540
3149 4541
20546 4542
30713 4543
16007 4544
2422 4545
6306 4546
661 4547
4220 4548
7398 4549
8778 4550
8818 4551
13906 4552
888 4553
5825 4554
803 4555
10636 4556
2376 4557
6680 4558
2255 4559
10765 4560
4517 4561
4138 4562
1448 4563
3749 4564
1467 4565
1658 4566
1795 4567
7002 4568
8955 4569
7433 4570
7884 4571
12675 4572
5325 4573
10505 4574
13035 4575
13037 4576
14433 4577
13031 4578
28966 4579
11059 4580
34918 4581
2684 4582
1086 4583
4435 4584
2124 4585
1110 4586
11480 4587
1036 4588
7115 4589
15318 4590
5540 4591
11326 4592
9698 4593
7001 4594
1397 4595
9664 4596
1221 4597
1164 4598
8252 4599
15103 4600
18133 4601
15640 4602
2295 4603
13304 4604
9386 4605
6407 4606
13219 4607
5084 4608
5776 4609
12397 4610
1980 4611
1926 4612
11975 4613
14718 4614
9909 4615
2436 4616
8475 4617
1833 4618
3451 4619
5952 4620
4811 4621
8025 4622
4834 4623
2983 4624
1887 4625
13936 4626
23972 4627
26932 4628
900 4629
11601 4630
5007 4631
5451 4632
18049 4633
2316 4634
3235 4635
12384 4636
2447 4637
2430 4638
11980 4639
3591 4640
6800 4641
21215 4642
22413 4643
15697 4644
8706 4645
12618 4646
16976 4647
2754 4648
18969 4649
4894 4650
10730 4651
9127 4652
17707 4653
21354 4654
16276 4655
10840 4656
2889 4657
4166 4658
8595 4659
7806 4660
2851 4661
25893 4662
10835 4663
10485 4664
9364 4665
12641 4666
5342 4667
9117 4668
8418 4669
13792 4670
11227 4671
16250 4672
14375 4673
13275 4674
24587 4675
6660 4676
22119 4677
14832 4678
10483 4679
22124 4680
11922 4681
23920 4682
4165 4683
10814 4684
9503 4685
9135 4686
5719 4687
22774 4688
14425 4689
12630 4690
15446 4691
13651 4692
891 4693
26064 4694
9217 4695
27940 4696
14919 4697
12642 4698
19580 4699
18784 4700
26811 4701
19716 4702
30515 4703
11409 4704
12609 4705
8654 4706
9154 4707
19722 4708
14407 4709
22999 4710
25059 4711
19592 4712
11025 4713
32606 4714
31316 4715
8656 4716
14454 4717
19700 4718
25010 4719
9203 4720
10105 4721
25058 4722
15448 4723
2862 4724
6750 4725
8704 4726
19270 4727
697 4728
17733 4729
5496 4730
2880 4731
12117 4732
5788 4733
6389 4734
2110 4735
2491 4736
3230 4737
13174 4738
1706 4739
11231 4740
1476 4741
5592 4742
1803 4743
9676 4744
2301 4745
2608 4746
1190 4747
2511 4748
17254 4749
3539 4750
14947 4751
8395 4752
15454 4753
13039 4754
8680 4755
13030 4756
6256 4757
14239 4758
2192 4759
14730 4760
5816 4761
1569 4762
7400 4763
11977 4764
14741 4765
7302 4766
2247 4767
9746 4768
11952 4769
2478 4770
2204 4771
7552 4772
14752 4773
14755 4774
2260 4775
14759 4776
12999 4777
7255 4778
1481 4779
2394 4780
14769 4781
9430 4782
14775 4783
4339 4784
14787 4785
2545 4786
11976 4787
910 4788
9614 4789
14808 4790
1598 4791
12925 4792
13178 4793
15173 4794
8956 4795
2558 4796
2599 4797
11552 4798
11877 4799
3429 4800
3907 4801
18322 4802
16687 4803
20290 4804
19510 4805
16787 4806
18342 4807
14273 4808
7364 4809
2328 4810
4311 4811
2741 4812
817 4813
764 4814
3422 4815
16778 4816
19488 4817
16103 4818
23077 4819
7373 4820
23664 4821
19522 4822
10862 4823
2729 4824
31619 4825
788 4826
3567 4827
2761 4828
8932 4829
8966 4830
5186 4831
4981 4832
5002 4833
7646 4834
8172 4835
3660 4836
3055 4837
10416 4838
10226 4839
12327 4840
5667 4841
2876 4842
6151 4843
9234 4844
4503 4845
12597 4846
9559 4847
9177 4848
706 4849
10439 4850
4802 4851
11807 4852
8428 4853
5373 4854
4917 4855
5670 4856
5492 4857
4990 4858
15058 4859
7262 4860
4991 4861
8503 4862
9507 4863
4380 4864
4909 4865
7710 4866
3792 4867
14411 4868
20848 4869
18533 4870
18999 4871
16050 4872
23440 4873
16700 4874
11125 4875
20771 4876
16512 4877
16038 4878
4007 4879
18200 4880
16657 4881
20098 4882
32055 4883
25775 4884
3861 4885
29583 4886
19753 4887
32952 4888
30807 4889
16663 4890
21414 4891
14641 4892
1630 4893
7012 4894
4209 4895
3346 4896
6971 4897
5117 4898
3376 4899
2052 4900
1656 4901
1839 4902
6408 4903
15321 4904
6104 4905
7296 4906
8200 4907
909 4908
8803 4909
2234 4910
21673 4911
16525 4912
16741 4913
3842 4914
34945 4915
16897 4916
23219 4917
16505 4918
15991 4919
16964 4920
28743 4921
19882 4922
33854 4923
1940 4924
12314 4925
24456 4926
15469 4927
6844 4928
11649 4929
3524 4930
22679 4931
21341 4932
15707 4933
21357 4934
3549 4935
10379 4936
21207 4937
11813 4938
7453 4939
23520 4940
3620 4941
14206 4942
13587 4943
12921 4944
9566 4945
17743 4946
14222 4947
3482 4948
9013 4949
9100 4950
14195 4951
12901 4952
12900 4953
23475 4954
30401 4955
10448 4956
28892 4957
14435 4958
25945 4959
26310 4960
28950 4961
10461 4962
4928 4963
25056 4964
15455 4965
34930 4966
3563 4967
1935 4968
3773 4969
5656 4970
5650 4971
10755 4972
8625 4973
14843 4974
2827 4975
22230 4976
8325 4977
777 4978
14223 4979
5654 4980
24713 4981
14866 4982
14365 4983
15476 4984
24639 4985
14381 4986
20748 4987
14415 4988
6670 4989
15413 4990
9892 4991
15473 4992
21348 4993
10498 4994
31189 4995
28964 4996
31749 4997
12329 4998
34464 4999
2410 5000
10696 5001
6815 5002
10468 5003
23950 5004
2969 5005
6381 5006
920 5007
8214 5008
3729 5009
2933 5010
13319 5011
7174 5012
13814 5013
25349 5014
13051 5015
7593 5016
5379 5017
1444 5018
7879 5019
6835 5020
23231 5021
14374 5022
8331 5023
24458 5024
17921 5025
6921 5026
2873 5027
7079 5028
33246 5029
28719 5030
3594 5031
6202 5032
8586 5033
14360 5034
13589 5035
13588 5036
16978 5037
3086 5038
5858 5039
5328 5040
14959 5041
5865 5042
30460 5043
1684 5044
10612 5045
1937 5046
6733 5047
3640 5048
2868 5049
2894 5050
14846 5051
14848 5052
2774 5053
9132 5054
2925 5055
2958 5056
2726 5057
9556 5058
2872 5059
3690 5060
5692 5061
14854 5062
5355 5063
7216 5064
3779 5065
2863 5066
6050 5067
14858 5068
14188 5069
14587 5070
2832 5071
14864 5072
9568 5073
10812 5074
21405 5075
13034 5076
29149 5077
14438 5078
28848 5079
23848 5080
19864 5081
1539 5082
655 5083
4994 5084
761 5085
5277 5086
2191 5087
7566 5088
2115 5089
7276 5090
12996 5091
5808 5092
4536 5093
7572 5094
22423 5095
23153 5096
9898 5097
2210 5098
2603 5099
28387 5100
16033 5101
3919 5102
27686 5103
17774 5104
27631 5105
17786 5106
8082 5107
16474 5108
31797 5109
25084 5110
33885 5111
27484 5112
14296 5113
32783 5114
31321 5115
28251 5116
30260 5117
28518 5118
31353 5119
33342 5120
31630 5121
26237 5122
34412 5123
30265 5124
34980 5125
30262 5126
35407 5127
33884 5128
34025 5129
37736 5130
37032 5131
15966 5132
31293 5133
34996 5134
19879 5135
20162 5136
27597 5137
32752 5138
12785 5139
19880 5140
24827 5141
29282 5142
24575 5143
3982 5144
27144 5145
22308 5146
27453 5147
7472 5148
4453 5149
13735 5150
7901 5151
12998 5152
8815 5153
7560 5154
15320 5155
5605 5156
2440 5157
23254 5158
17814 5159
16339 5160
27541 5161
28383 5162
14878 5163
3174 5164
6325 5165
4775 5166
18452 5167
23253 5168
6415 5169
11580 5170
21339 5171
6557 5172
4602 5173
20469 5174
16981 5175
20585 5176
11423 5177
14935 5178
13439 5179
19430 5180
17015 5181
12691 5182
4866 5183
20195 5184
10462 5185
17640 5186
14827 5187
26988 5188
14920 5189
4279 5190
21237 5191
11123 5192
6671 5193
2914 5194
9016 5195
6242 5196
5580 5197
35413 5198
20679 5199
25201 5200
17908 5201
13528 5202
16100 5203
26474 5204
7327 5205
3879 5206
7959 5207
4935 5208
12065 5209
14394 5210
14965 5211
22264 5212
27888 5213
28720 5214
17648 5215
3636 5216
1651 5217
5514 5218
6221 5219
1133 5220
1101 5221
1251 5222
1227 5223
6237 5224
2618 5225
1381 5226
1124 5227
5199 5228
9710 5229
2974 5230
8355 5231
11100 5232
8272 5233
1204 5234
17246 5235
7510 5236
6492 5237
15265 5238
20716 5239
22438 5240
20302 5241
6771 5242
16616 5243
22964 5244
22273 5245
15706 5246
15453 5247
28908 5248
13032 5249
19273 5250
15472 5251
15053 5252
33776 5253
4599 5254
21973 5255
14904 5256
10630 5257
10758 5258
8072 5259
694 5260
1061 5261
5648 5262
7960 5263
18962 5264
4921 5265
6781 5266
9143 5267
10414 5268
8583 5269
13876 5270
2470 5271
9859 5272
4365 5273
13776 5274
10643 5275
1526 5276
6635 5277
6436 5278
4015 5279
11913 5280
13943 5281
17182 5282
23548 5283
9346 5284
4336 5285
6452 5286
1037 5287
4836 5288
2972 5289
5916 5290
12456 5291
3027 5292
13935 5293
5749 5294
8879 5295
8483 5296
1981 5297
3234 5298
1917 5299
763 5300
1024 5301
15509 5302
3487 5303
6253 5304
2812 5305
19798 5306
7915 5307
20274 5308
20273 5309
11934 5310
13120 5311
3824 5312
6549 5313
20278 5314
10855 5315
15077 5316
3295 5317
3839 5318
5244 5319
5284 5320
6768 5321
28600 5322
8674 5323
19567 5324
18175 5325
8533 5326
5607 5327
6393 5328
12272 5329
11491 5330
15659 5331
15272 5332
31265 5333
6558 5334
7108 5335
6939 5336
3425 5337
30370 5338
1567 5339
2531 5340
22431 5341
1943 5342
7793 5343
14667 5344
19637 5345
19564 5346
3612 5347
7892 5348
5677 5349
5649 5350
12066 5351
14911 5352
6819 5353
4082 5354
7645 5355
8402 5356
8411 5357
7644 5358
14921 5359
14922 5360
14931 5361
14933 5362
14934 5363
14937 5364
14940 5365
8298 5366
14944 5367
14948 5368
6135 5369
12859 5370
13676 5371
14955 5372
12905 5373
9983 5374
26371 5375
14439 5376
27882 5377
3517 5378
35842 5379
1536 5380
3799 5381
4800 5382
6748 5383
6940 5384
8288 5385
9221 5386
3664 5387
3292 5388
5503 5389
24905 5390
24563 5391
31751 5392
16692 5393
23955 5394
16681 5395
16279 5396
16063 5397
876 5398
23310 5399
16079 5400
3853 5401
10222 5402
30012 5403
23734 5404
18014 5405
20094 5406
27030 5407
26462 5408
26484 5409
28165 5410
19526 5411
23735 5412
35456 5413
29659 5414
25088 5415
3966 5416
19266 5417
32237 5418
35460 5419
28829 5420
35025 5421
32284 5422
19949 5423
24731 5424
35464 5425
36548 5426
23309 5427
16313 5428
36102 5429
19779 5430
7309 5431
1930 5432
4151 5433
2484 5434
2372 5435
1925 5436
2250 5437
19363 5438
4428 5439
7195 5440
4403 5441
1472 5442
2010 5443
5536 5444
11956 5445
1413 5446
1248 5447
1498 5448
8792 5449
4610 5450
1161 5451
14974 5452
2911 5453
4097 5454
11508 5455
4021 5456
10094 5457
4218 5458
10005 5459
13892 5460
2178 5461
2461 5462
1902 5463
1032 5464
1146 5465
5462 5466
2075 5467
13308 5468
15338 5469
9883 5470
6430 5471
1449 5472
24332 5473
1898 5474
3227 5475
2368 5476
3724 5477
6383 5478
2321 5479
10950 5480
2363 5481
5600 5482
4361 5483
4128 5484
1182 5485
8184 5486
1924 5487
10620 5488
13071 5489
9448 5490
4137 5491
8176 5492
7032 5493
6648 5494
1198 5495
8203 5496
6246 5497
2292 5498
3486 5499
3250 5500
14366 5501
1700 5502
11495 5503
13123 5504
11984 5505
5803 5506
3078 5507
2352 5508
2507 5509
7759 5510
726 5511
695 5512
25595 5513
8548 5514
30641 5515
3242 5516
17857 5517
3644 5518
11726 5519
28962 5520
14378 5521
8319 5522
8392 5523
7444 5524
27890 5525
5157 5526
27834 5527
34672 5528
12074 5529
3334 5530
2272 5531
2479 5532
1931 5533
13406 5534
13866 5535
11516 5536
4190 5537
10356 5538
11881 5539
6490 5540
11628 5541
8832 5542
15315 5543
1242 5544
12149 5545
15684 5546
7629 5547
3494 5548
5853 5549
10608 5550
24913 5551
27429 5552
27136 5553
25777 5554
35482 5555
28528 5556
27119 5557
11521 5558
12761 5559
15664 5560
2583 5561
26177 5562
14505 5563
17571 5564
9645 5565
4820 5566
12476 5567
4179 5568
4619 5569
6075 5570
12010 5571
13229 5572
14995 5573
9322 5574
1316 5575
8722 5576
6504 5577
9468 5578
1632 5579
8189 5580
7077 5581
4467 5582
1990 5583
7254 5584
2126 5585
22425 5586
16590 5587
9827 5588
2216 5589
2350 5590
1239 5591
7197 5592
9229 5593
4458 5594
7559 5595
31147 5596
10159 5597
2819 5598
1626 5599
7939 5600
13475 5601
7982 5602
8236 5603
7036 5604
2541 5605
33316 5606
13138 5607
8194 5608
1094 5609
1594 5610
4526 5611
7167 5612
7925 5613
17240 5614
4546 5615
13480 5616
2574 5617
17291 5618
22427 5619
33583 5620
22429 5621
16194 5622
16484 5623
3173 5624
30213 5625
16970 5626
16114 5627
3844 5628
3189 5629
11802 5630
24082 5631
16017 5632
7726 5633
18125 5634
26473 5635
6614 5636
4454 5637
20167 5638
32013 5639
33398 5640
34416 5641
27656 5642
36081 5643
27260 5644
27745 5645
27584 5646
9185 5647
15163 5648
14342 5649
3814 5650
31755 5651
18090 5652
3706 5653
9383 5654
2303 5655
2066 5656
12000 5657
1701 5658
2605 5659
1946 5660
5452 5661
8933 5662
5118 5663
2362 5664
34107 5665
4509 5666
31494 5667
17709 5668
18641 5669
13265 5670
23917 5671
21831 5672
6743 5673
8337 5674
11421 5675
13274 5676
12544 5677
10441 5678
17720 5679
15445 5680
684 5681
4918 5682
13832 5683
10876 5684
8762 5685
1813 5686
11488 5687
2466 5688
2043 5689
4193 5690
4350 5691
4326 5692
10941 5693
2273 5694
6705 5695
3575 5696
3488 5697
18083 5698
22123 5699
18168 5700
6898 5701
31707 5702
2715 5703
7949 5704
8293 5705
11554 5706
26817 5707
31432 5708
10430 5709
15479 5710
6034 5711
5385 5712
1015 5713
9150 5714
15449 5715
19583 5716
17646 5717
8687 5718
3685 5719
6896 5720
7896 5721
1456 5722
11017 5723
12529 5724
1647 5725
3261 5726
1659 5727
6403 5728
12449 5729
6003 5730
9526 5731
9915 5732
12322 5733
19184 5734
17067 5735
14504 5736
17572 5737
14506 5738
21797 5739
17985 5740
4815 5741
12457 5742
21777 5743
12463 5744
12020 5745
30926 5746
14432 5747
1737 5748
1848 5749
4540 5750
2037 5751
6211 5752
5090 5753
10972 5754
1325 5755
7175 5756
3285 5757
9704 5758
5137 5759
1158 5760
8808 5761
5582 5762
3286 5763
3744 5764
7188 5765
3735 5766
1575 5767
1454 5768
3340 5769
2568 5770
2254 5771
6694 5772
5050 5773
9771 5774
4514 5775
5787 5776
11067 5777
4907 5778
6126 5779
5500 5780
5057 5781
16376 5782
816 5783
22987 5784
19571 5785
27803 5786
3577 5787
29637 5788
16931 5789
21788 5790
15032 5791
17084 5792
37042 5793
21559 5794
10947 5795
4880 5796
7493 5797
1553 5798
1185 5799
11499 5800
18319 5801
10681 5802
13095 5803
8244 5804
13740 5805
4390 5806
2481 5807
2554 5808
11660 5809
2566 5810
2570 5811
24684 5812
6508 5813
25666 5814
17290 5815
2360 5816
3768 5817
2131 5818
8894 5819
2628 5820
2457 5821
2633 5822
8314 5823
8394 5824
20325 5825
4338 5826
1558 5827
2677 5828
1587 5829
5358 5830
681 5831
10218 5832
3304 5833
2909 5834
2744 5835
673 5836
8597 5837
7978 5838
2951 5839
18504 5840
3314 5841
3850 5842
20689 5843
3172 5844
36410 5845
20231 5846
30864 5847
1633 5848
2143 5849
1179 5850
5974 5851
9591 5852
15043 5853
15044 5854
15045 5855
15046 5856
29576 5857
4934 5858
15054 5859
15055 5860
15060 5861
28900 5862
18367 5863
2949 5864
13930 5865
8757 5866
12679 5867
4805 5868
7227 5869
31688 5870
8828 5871
2621 5872
6070 5873
11242 5874
8954 5875
7089 5876
4394 5877
3607 5878
1060 5879
4347 5880
4125 5881
4354 5882
4357 5883
1112 5884
4366 5885
4216 5886
4384 5887
1229 5888
4134 5889
4177 5890
5225 5891
3455 5892
5833 5893
4477 5894
2186 5895
3542 5896
3375 5897
8747 5898
20452 5899
2364 5900
3381 5901
12755 5902
11954 5903
12770 5904
9218 5905
10952 5906
6717 5907
2926 5908
4586 5909
3794 5910
879 5911
16102 5912
16356 5913
28583 5914
29855 5915
27048 5916
27708 5917
27070 5918
21115 5919
23079 5920
23081 5921
7403 5922
7888 5923
5752 5924
10317 5925
1986 5926
5198 5927
7460 5928
19006 5929
31463 5930
18071 5931
7429 5932
16630 5933
3849 5934
16562 5935
17003 5936
17800 5937
17889 5938
3926 5939
21584 5940
26964 5941
23339 5942
9017 5943
7159 5944
8793 5945
7161 5946
11664 5947
11860 5948
5560 5949
10100 5950
9343 5951
6998 5952
5730 5953
9456 5954
2465 5955
11503 5956
2034 5957
16447 5958
7955 5959
32452 5960
10391 5961
22277 5962
21204 5963
6910 5964
6042 5965
10500 5966
2953 5967
8080 5968
14560 5969
2828 5970
789 5971
16979 5972
5809 5973
15075 5974
11979 5975
6991 5976
8538 5977
11479 5978
2345 5979
1461 5980
13625 5981
19872 5982
18662 5983
15335 5984
4664 5985
13750 5986
12932 5987
2753 5988
2707 5989
20399 5990
4860 5991
2928 5992
736 5993
4913 5994
6900 5995
5394 5996
7180 5997
1984 5998
7498 5999
3709 6000
2385 6001
2205 6002
6097 6003
9131 6004
8296 6005
11707 6006
17303 6007
21238 6008
701 6009
13541 6010
2848 6011
8437 6012
4406 6013
4410 6014
2136 6015
4463 6016
4472 6017
7751 6018
10634 6019
7074 6020
4826 6021
4889 6022
10757 6023
30202 6024
20877 6025
17081 6026
28617 6027
4825 6028
12118 6029
6026 6030
15451 6031
9274 6032
10837 6033
14167 6034
10411 6035
6025 6036
5387 6037
25587 6038
17622 6039
28711 6040
17616 6041
11069 6042
12985 6043
15465 6044
10475 6045
29055 6046
14441 6047
21353 6048
10823 6049
22246 6050
30815 6051
15468 6052
35985 6053
22434 6054
15138 6055
21860 6056
1933 6057
19816 6058
3378 6059
5785 6060
15796 6061
5814 6062
13806 6063
20407 6064
8807 6065
20810 6066
2552 6067
5595 6068
5811 6069
15754 6070
6948 6071
3720 6072
19162 6073
1235 6074
9417 6075
4868 6076
9158 6077
7594 6078
9250 6079
21823 6080
16224 6081
7947 6082
4583 6083
3661 6084
5009 6085
3766 6086
22137 6087
10507 6088
11101 6089
12713 6090
9764 6091
12708 6092
4567 6093
20321 6094
12144 6095
31915 6096
26224 6097
13403 6098
4202 6099
2274 6100
3357 6101
2269 6102
7561 6103
3373 6104
2502 6105
19741 6106
10647 6107
2161 6108
1123 6109
13094 6110
2488 6111
12388 6112
5078 6113
7402 6114
3216 6115
17000 6116
26756 6117
14285 6118
22401 6119
24073 6120
19002 6121
16470 6122
33916 6123
36201 6124
34580 6125
24956 6126
34658 6127
2125 6128
4169 6129
4027 6130
6175 6131
2415 6132
15667 6133
713 6134
18615 6135
3595 6136
19271 6137
11094 6138
3190 6139
16942 6140
16634 6141
27376 6142
27763 6143
31122 6144
11120 6145
21285 6146
9590 6147
21599 6148
17040 6149
4597 6150
31885 6151
27224 6152
18881 6153
15998 6154
16060 6155
27367 6156
24075 6157
33914 6158
26525 6159
31634 6160
25062 6161
24730 6162
3894 6163
3877 6164
32294 6165
19878 6166
28516 6167
28531 6168
5696 6169
1708 6170
9242 6171
18781 6172
18787 6173
13048 6174
10405 6175
21829 6176
1685 6177
9891 6178
6220 6179
7043 6180
9380 6181
2337 6182
7878 6183
19698 6184
21352 6185
3680 6186
17888 6187
7907 6188
8646 6189
5630 6190
1033 6191
1597 6192
5790 6193
8885 6194
3273 6195
8886 6196
12403 6197
6509 6198
1977 6199
11330 6200
1876 6201
2996 6202
21759 6203
19179 6204
5936 6205
2999 6206
16759 6207
30104 6208
13902 6209
33165 6210
17722 6211
5158 6212
4522 6213
5210 6214
11509 6215
22426 6216
11950 6217
1083 6218
13854 6219
1163 6220
11546 6221
25387 6222
5213 6223
22692 6224
17896 6225
21120 6226
22395 6227
22318 6228
3188 6229
16940 6230
27655 6231
1097 6232
19218 6233
9971 6234
17308 6235
20876 6236
26360 6237
21955 6238
22010 6239
29718 6240
26351 6241
8431 6242
29571 6243
17080 6244
5326 6245
24872 6246
4026 6247
3256 6248
6895 6249
4759 6250
15348 6251
15129 6252
10688 6253
10651 6254
9555 6255
858 6256
3521 6257
20574 6258
18105 6259
21527 6260
3689 6261
8623 6262
18785 6263
31190 6264
13021 6265
15463 6266
15511 6267
19015 6268
5386 6269
12768 6270
7139 6271
16637 6272
23052 6273
18510 6274
26757 6275
25073 6276
6413 6277
6481 6278
34323 6279
10438 6280
15147 6281
8759 6282
15156 6283
7604 6284
29738 6285
26958 6286
7105 6287
1071 6288
1181 6289
23455 6290
2257 6291
2317 6292
9471 6293
10645 6294
16586 6295
1440 6296
8242 6297
4211 6298
24390 6299
15682 6300
6534 6301
2386 6302
5759 6303
10139 6304
9226 6305
1808 6306
13857 6307
5196 6308
13310 6309
7353 6310
16163 6311
24833 6312
11470 6313
21675 6314
29606 6315
16703 6316
28303 6317
30859 6318
5250 6319
29833 6320
11728 6321
719 6322
7950 6323
2833 6324
24247 6325
10733 6326
16164 6327
27264 6328
27035 6329
11115 6330
18987 6331
37672 6332
9608 6333
9598 6334
22900 6335
9007 6336
26170 6337
2281 6338
7082 6339
2475 6340
10902 6341
9712 6342
22418 6343
17419 6344
3051 6345
14436 6346
6901 6347
3646 6348
6821 6349
9161 6350
7120 6351
13692 6352
9176 6353
5058 6354
6805 6355
24603 6356
4965 6357
2968 6358
4239 6359
4244 6360
17706 6361
15339 6362
7596 6363
15755 6364
9774 6365
1612 6366
1886 6367
2527 6368
13318 6369
5724 6370
10866 6371
12477 6372
5470 6373
4618 6374
26166 6375
26928 6376
2314 6377
22433 6378
806 6379
22074 6380
18366 6381
5715 6382
10444 6383
9122 6384
2798 6385
4727 6386
30457 6387
24449 6388
11663 6389
12807 6390
23292 6391
17912 6392
8295 6393
8908 6394
16792 6395
24166 6396
27671 6397
17894 6398
30389 6399
4320 6400
20103 6401
717 6402
27850 6403
24965 6404
20787 6405
1019 6406
1899 6407
4321 6408
17150 6409
4504 6410
1869 6411
1892 6412
1026 6413
2051 6414
915 6415
1720 6416
2733 6417
11060 6418
6951 6419
8934 6420
8340 6421
28430 6422
10108 6423
24250 6424
3509 6425
19611 6426
9289 6427
25476 6428
732 6429
30786 6430
11062 6431
17280 6432
13268 6433
11050 6434
31701 6435
2072 6436
22776 6437
5548 6438
12391 6439
1960 6440
11560 6441
1905 6442
7116 6443
5205 6444
24697 6445
9576 6446
25479 6447
10435 6448
2759 6449
17916 6450
14443 6451
3032 6452
26392 6453
6946 6454
13585 6455
9639 6456
2493 6457
3333 6458
5771 6459
13922 6460
26440 6461
1140 6462
1846 6463
8191 6464
9857 6465
13184 6466
1875 6467
1648 6468
21688 6469
4208 6470
11098 6471
15274 6472
2188 6473
2540 6474
24340 6475
6925 6476
3553 6477
1562 6478
2487 6479
4818 6480
8030 6481
22011 6482
28632 6483
21233 6484
32791 6485
1611 6486
4541 6487
4551 6488
13377 6489
6972 6490
13007 6491
4734 6492
10946 6493
3829 6494
20500 6495
9173 6496
5400 6497
8751 6498
7932 6499
19624 6500
10868 6501
6255 6502
1663 6503
1382 6504
24370 6505
31385 6506
24959 6507
5775 6508
12769 6509
3589 6510
11230 6511
11437 6512
10464 6513
28001 6514
7640 6515
20335 6516
19235 6517
32397 6518
12526 6519
5988 6520
21776 6521
22827 6522
9516 6523
32214 6524
9727 6525
19948 6526
10083 6527
13755 6528
6424 6529
2549 6530
2917 6531
7273 6532
8469 6533
9288 6534
4214 6535
6103 6536
13306 6537
27043 6538
27064 6539
16347 6540
27721 6541
22319 6542
28500 6543
18602 6544
36273 6545
4149 6546
1002 6547
11603 6548
9361 6549
22402 6550
29897 6551
27346 6552
22503 6553
12753 6554
2519 6555
17887 6556
27403 6557
28741 6558
27615 6559
23266 6560
27098 6561
27088 6562
17013 6563
29257 6564
35026 6565
1694 6566
8809 6567
18048 6568
6501 6569
35755 6570
19710 6571
6959 6572
15399 6573
12937 6574
19258 6575
27199 6576
32293 6577
34661 6578
35035 6579
2847 6580
28909 6581
34609 6582
33453 6583
21792 6584
17988 6585
21289 6586
30430 6587
3909 6588
18004 6589
30854 6590
18725 6591
26434 6592
27639 6593
12786 6594
31376 6595
6037 6596
6937 6597
9586 6598
15481 6599
30464 6600
34934 6601
29051 6602
11052 6603
12629 6604
21806 6605
32633 6606
28729 6607
13493 6608
21258 6609
1595 6610
30378 6611
35787 6612
24633 6613
7000 6614
11965 6615
8544 6616
10709 6617
8629 6618
30106 6619
7554 6620
2664 6621
2564 6622
22531 6623
2580 6624
26175 6625
31975 6626
30591 6627
2551 6628
26183 6629
29384 6630
10087 6631
11672 6632
6620 6633
2624 6634
2151 6635
30376 6636
23131 6637
2861 6638
36491 6639
17790 6640
32300 6641
32864 6642
27075 6643
16654 6644
5332 6645
8277 6646
27077 6647
30762 6648
26653 6649
28686 6650
17618 6651
8223 6652
11070 6653
7641 6654
29646 6655
8434 6656
10666 6657
8671 6658
10385 6659
15508 6660
9641 6661
16029 6662
23732 6663
15841 6664
2377 6665
27281 6666
16482 6667
3990 6668
21116 6669
5092 6670
2283 6671
10767 6672
2397 6673
31360 6674
31395 6675
32683 6676
14468 6677
22153 6678
18845 6679
7411 6680
6913 6681
12639 6682
5537 6683
1535 6684
1576 6685
8834 6686
19921 6687
19911 6688
5993 6689
28614 6690
5976 6691
22800 6692
24053 6693
19845 6694
16381 6695
3359 6696
5984 6697
8076 6698
12319 6699
13109 6700
34091 6701
2988 6702
21790 6703
28479 6704
28861 6705
4225 6706
23129 6707
9871 6708
6546 6709
10595 6710
16827 6711
16941 6712
25891 6713
24859 6714
32922 6715
18337 6716
21161 6717
22538 6718
25778 6719
27195 6720
20855 6721
25066 6722
20111 6723
1852 6724
32757 6725
25077 6726
36754 6727
14566 6728
7964 6729
15804 6730
3663 6731
30207 6732
16076 6733
28305 6734
9521 6735
13312 6736
24936 6737
19568 6738
9583 6739
29715 6740
18094 6741
14428 6742
8330 6743
29352 6744
21624 6745
37248 6746
7431 6747
2795 6748
19494 6749
22840 6750
5273 6751
1523 6752
15672 6753
9184 6754
11428 6755
13272 6756
21193 6757
17546 6758
24039 6759
21359 6760
20076 6761
9498 6762
17913 6763
5683 6764
16609 6765
22419 6766
1822 6767
14591 6768
6681 6769
4564 6770
13315 6771
11489 6772
8311 6773
18766 6774
9335 6775
2373 6776
28841 6777
27812 6778
7864 6779
12634 6780
18082 6781
9233 6782
7638 6783
6166 6784
1800 6785
13756 6786
6759 6787
9819 6788
16080 6789
4863 6790
23626 6791
18121 6792
27491 6793
27632 6794
15976 6795
16723 6796
10986 6797
26465 6798
10132 6799
6442 6800
15646 6801
15679 6802
12147 6803
37261 6804
2343 6805
25145 6806
5851 6807
6029 6808
11049 6809
24133 6810
26152 6811
17537 6812
24379 6813
9575 6814
19393 6815
35736 6816
16492 6817
2243 6818
3713 6819
1820 6820
9778 6821
11571 6822
12528 6823
4842 6824
19091 6825
18737 6826
12160 6827
10613 6828
13106 6829
21564 6830
35992 6831
18433 6832
18157 6833
31841 6834
20077 6835
26330 6836
21710 6837
20409 6838
17159 6839
17062 6840
17059 6841
21456 6842
31677 6843
17158 6844
26970 6845
27341 6846
8866 6847
28910 6848
11586 6849
11256 6850
5734 6851
2563 6852
18119 6853
27411 6854
5585 6855
25348 6856
29612 6857
11681 6858
16617 6859
23353 6860
16052 6861
2347 6862
21690 6863
5099 6864
24367 6865
11468 6866
11241 6867
10695 6868
9977 6869
6770 6870
33335 6871
27426 6872
27408 6873
27591 6874
33355 6875
11986 6876
14302 6877
8776 6878
7897 6879
4657 6880
1209 6881
27225 6882
14202 6883
13276 6884
17801 6885
18323 6886
32537 6887
36026 6888
35036 6889
16606 6890
8673 6891
17082 6892
7739 6893
29470 6894
3908 6895
19768 6896
20088 6897
3848 6898
9366 6899
14173 6900
1521 6901
3367 6902
6428 6903
2173 6904
16004 6905
18558 6906
31351 6907
36051 6908
8950 6909
9144 6910
25613 6911
14429 6912
16011 6913
21553 6914
7128 6915
6577 6916
22178 6917
20194 6918
16184 6919
20305 6920
12778 6921
12690 6922
2513 6923
28684 6924
3196 6925
16214 6926
14991 6927
16165 6928
36292 6929
27697 6930
21261 6931
21692 6932
9610 6933
16528 6934
2768 6935
20308 6936
11329 6937
20536 6938
14453 6939
6040 6940
13649 6941
17177 6942
10232 6943
18669 6944
13027 6945
18197 6946
31222 6947
32610 6948
35916 6949
30758 6950
31507 6951
22410 6952
11921 6953
27083 6954
27937 6955
11074 6956
4961 6957
2054 6958
27507 6959
33337 6960
33600 6961
36085 6962
32302 6963
36237 6964
14395 6965
10808 6966
12699 6967
9324 6968
14489 6969
11960 6970
9105 6971
36844 6972
6200 6973
18614 6974
885 6975
17781 6976
2749 6977
7384 6978
7908 6979
1410 6980
6201 6981
25330 6982
17453 6983
5516 6984
11961 6985
31458 6986
5143 6987
31115 6988
8604 6989
6738 6990
18596 6991
32862 6992
27583 6993
9109 6994
11434 6995
8969 6996
24360 6997
31092 6998
29168 6999
24794 7000
27732 7001
32636 7002
17153 7003
5924 7004
26355 7005
12021 7006
8769 7007
6581 7008
20131 7009
7090 7010
17797 7011
6851 7012
3916 7013
27657 7014
35277 7015
27737 7016
37244 7017
16503 7018
11599 7019
7463 7020
31124 7021
11390 7022
30704 7023
24577 7024
37097 7025
9489 7026
8208 7027
5520 7028
8980 7029
1236 7030
2413 7031
18776 7032
36298 7033
8963 7034
13078 7035
27647 7036
36194 7037
36855 7038
36551 7039
2590 7040
21753 7041
36770 7042
37196 7043
35513 7044
20074 7045
26466 7046
36082 7047
1929 7048
37399 7049
