org_id remap_id
1 0
100 1
10000 2
10001 3
10014 4
10020 5
10025 6
10028 7
10040 8
10044 9
1005 10
10050 11
10052 12
10057 13
10062 14
10063 15
10064 16
10065 17
1007 18
10080 19
10084 20
10086 21
10088 22
10090 23
10093 24
10096 25
10102 26
10105 27
10106 28
10108 29
10114 30
10115 31
1012 32
10120 33
10123 34
10124 35
10126 36
10135 37
10141 38
10143 39
10146 40
10148 41
10149 42
1015 43
10152 44
10153 45
10156 46
10159 47
1016 48
10169 49
10170 50
10173 51
10174 52
10176 53
10177 54
10180 55
10195 56
10196 57
102 58
1020 59
1021 60
10211 61
10216 62
10217 63
10219 64
10224 65
10227 66
10229 67
10231 68
10233 69
10237 70
10240 71
10243 72
10244 73
1025 74
10251 75
1026 76
10261 77
10262 78
10265 79
10269 80
10272 81
10273 82
10275 83
10287 84
1029 85
10294 86
10299 87
10310 88
10312 89
10315 90
10318 91
1032 92
10324 93
10325 94
10329 95
10333 96
10334 97
10341 98
10343 99
10346 100
10351 101
10354 102
10357 103
10362 104
1037 105
10375 106
10376 107
10379 108
1038 109
10381 110
10383 111
10384 112
10386 113
10387 114
10391 115
10397 116
10399 117
104 118
10404 119
10408 120
10410 121
10411 122
10416 123
10417 124
10420 125
10421 126
10423 127
10424 128
10425 129
10426 130
10428 131
10430 132
10431 133
10434 134
10436 135
1044 136
10441 137
10443 138
10445 139
1045 140
10452 141
10457 142
10458 143
10463 144
10466 145
10469 146
1047 147
10470 148
10474 149
1048 150
10484 151
10491 152
105 153
10509 154
10515 155
10516 156
10520 157
10522 158
10525 159
10527 160
10532 161
10534 162
10537 163
10540 164
10542 165
10544 166
10551 167
10552 168
10556 169
10559 170
1056 171
10561 172
10562 173
10563 174
10566 175
10567 176
10578 177
1058 178
10580 179
10582 180
10589 181
1059 182
10591 183
10599 184
10602 185
10606 186
10608 187
1061 188
10613 189
10617 190
10618 191
10619 192
1062 193
10633 194
10637 195
1064 196
10642 197
10643 198
10644 199
10645 200
10648 201
10655 202
10657 203
1066 204
10661 205
10666 206
10667 207
10673 208
10674 209
10678 210
1069 211
10690 212
1070 213
10700 214
10702 215
10705 216
10711 217
10713 218
10718 219
10725 220
10734 221
10735 222
10736 223
10738 224
10741 225
10746 226
1075 227
10753 228
1076 229
10760 230
10765 231
10766 232
10768 233
10771 234
10774 235
1078 236
10785 237
10786 238
10789 239
1079 240
10793 241
10794 242
10795 243
10798 244
10799 245
108 246
10801 247
10802 248
10805 249
10806 250
10807 251
1081 252
10812 253
10818 254
1082 255
10820 256
10822 257
10823 258
10831 259
10833 260
10837 261
1084 262
10840 263
10841 264
10842 265
10844 266
1085 267
10853 268
10854 269
10857 270
1086 271
10861 272
1087 273
10873 274
10882 275
10889 276
10892 277
10896 278
10899 279
109 280
10901 281
10902 282
10905 283
10906 284
10910 285
10912 286
10916 287
10921 288
10922 289
10926 290
10927 291
10929 292
10930 293
10935 294
10936 295
10948 296
1095 297
10953 298
10955 299
1096 300
10961 301
10963 302
10965 303
10975 304
10980 305
10984 306
10988 307
1099 308
110 309
11004 310
11005 311
11009 312
11010 313
11017 314
11019 315
11023 316
11026 317
11031 318
11035 319
11038 320
11039 321
11041 322
11042 323
1105 324
11050 325
11053 326
11054 327
11059 328
11060 329
11067 330
11070 331
11071 332
11075 333
11078 334
11079 335
11081 336
11082 337
11083 338
11088 339
11089 340
1109 341
11094 342
1110 343
11100 344
11103 345
11106 346
11111 347
11114 348
1112 349
11124 350
11125 351
11134 352
11137 353
1114 354
11145 355
11148 356
11150 357
11152 358
11158 359
1116 360
11160 361
11161 362
11165 363
11166 364
11169 365
11173 366
1118 367
1119 368
11190 369
11194 370
11196 371
11199 372
11201 373
11205 374
11208 375
11209 376
11211 377
11212 378
11215 379
11216 380
11218 381
1122 382
11220 383
11224 384
11225 385
11226 386
11227 387
11229 388
11231 389
11233 390
11238 391
11244 392
11249 393
1126 394
11261 395
11262 396
11266 397
11270 398
11271 399
11274 400
11276 401
11279 402
1128 403
11282 404
11285 405
1129 406
11291 407
11297 408
113 409
1130 410
1131 411
11316 412
11318 413
11322 414
11323 415
11324 416
11325 417
11328 418
1133 419
11330 420
11333 421
11334 422
11335 423
11338 424
11339 425
1134 426
11345 427
11347 428
11353 429
1136 430
11360 431
11368 432
1137 433
11370 434
11372 435
11377 436
1138 437
11381 438
11382 439
11385 440
11386 441
11393 442
11399 443
114 444
1140 445
11401 446
11404 447
11417 448
1142 449
11420 450
11429 451
11436 452
11439 453
1144 454
11447 455
11451 456
11460 457
11461 458
11466 459
11469 460
11470 461
11474 462
11479 463
1148 464
11489 465
11494 466
1150 467
11502 468
11509 469
11515 470
11519 471
11527 472
11529 473
1153 474
11532 475
11535 476
11539 477
11547 478
11548 479
11550 480
11557 481
1156 482
11562 483
11565 484
11566 485
11567 486
11570 487
1158 488
11581 489
11588 490
11590 491
11595 492
11597 493
11598 494
11600 495
11604 496
1161 497
11615 498
11616 499
11622 500
11624 501
11626 502
11633 503
11634 504
11635 505
11636 506
11637 507
11638 508
11642 509
11643 510
11653 511
11661 512
11662 513
11663 514
11664 515
11668 516
11669 517
11675 518
11677 519
11678 520
11679 521
1168 522
11683 523
11694 524
11699 525
11700 526
11701 527
11702 528
11706 529
11713 530
11716 531
11717 532
11719 533
11720 534
11728 535
11736 536
1174 537
11748 538
11749 539
11751 540
11760 541
11761 542
11762 543
11763 544
11766 545
11767 546
11769 547
1177 548
11776 549
11780 550
11786 551
11787 552
11790 553
11796 554
1180 555
11801 556
11803 557
11808 558
11811 559
11817 560
1182 561
11825 562
1183 563
11841 564
11842 565
11843 566
11844 567
11845 568
11848 569
1185 570
11852 571
11853 572
11855 573
11865 574
11869 575
1187 576
11870 577
11873 578
11874 579
1188 580
11884 581
11886 582
11887 583
11893 584
11899 585
119 586
11904 587
11914 588
11915 589
11918 590
11925 591
11931 592
11932 593
11935 594
11941 595
11942 596
11947 597
11951 598
11956 599
11957 600
1196 601
11960 602
11963 603
1197 604
11973 605
1198 606
11980 607
11981 608
11986 609
11988 610
11994 611
11999 612
120 613
1200 614
12004 615
12009 616
1202 617
12023 618
12027 619
12028 620
12030 621
12032 622
12046 623
12047 624
12049 625
1205 626
12052 627
1206 628
12060 629
12061 630
12064 631
12068 632
12069 633
12076 634
12079 635
12080 636
12086 637
12100 638
12111 639
12112 640
12113 641
12115 642
12118 643
12119 644
1212 645
12121 646
12125 647
12127 648
12131 649
12138 650
12142 651
12148 652
1215 653
12155 654
1216 655
12172 656
12174 657
1218 658
12186 659
12192 660
12195 661
12197 662
12211 663
12212 664
12214 665
12216 666
12220 667
12221 668
12225 669
12229 670
12230 671
12231 672
12234 673
1224 674
12243 675
12244 676
12249 677
12252 678
12255 679
12258 680
1226 681
12261 682
12265 683
12267 684
12291 685
12293 686
12294 687
12296 688
12297 689
12306 690
1231 691
12316 692
12318 693
1232 694
12320 695
12321 696
12325 697
12328 698
12330 699
12332 700
12333 701
12347 702
12349 703
12351 704
12354 705
12357 706
12361 707
12362 708
12367 709
12368 710
1237 711
12370 712
12371 713
12372 714
12373 715
12381 716
12387 717
12388 718
1239 719
12390 720
12391 721
12393 722
12397 723
124 724
1240 725
12408 726
12413 727
12419 728
12420 729
12421 730
12424 731
12425 732
1243 733
12432 734
12436 735
12437 736
12438 737
12440 738
12445 739
12447 740
12453 741
12456 742
12459 743
12461 744
12463 745
12468 746
12472 747
12478 748
12479 749
1248 750
12480 751
12481 752
12485 753
12489 754
1249 755
12496 756
1250 757
12506 758
12507 759
12508 760
12509 761
12511 762
12512 763
12513 764
12516 765
12517 766
12518 767
1252 768
12522 769
12524 770
12526 771
12528 772
12537 773
12539 774
12540 775
12542 776
12547 777
12551 778
12552 779
12557 780
1256 781
12561 782
12562 783
12574 784
12577 785
12583 786
12584 787
12585 788
12586 789
1259 790
12591 791
12593 792
12596 793
1260 794
12602 795
12607 796
12622 797
12624 798
12626 799
12631 800
12635 801
1265 802
12652 803
12656 804
12663 805
12666 806
1267 807
12674 808
12675 809
12676 810
12677 811
12678 812
1268 813
12682 814
12683 815
12689 816
1269 817
12690 818
12696 819
1270 820
12701 821
12702 822
12709 823
12723 824
12724 825
1273 826
12730 827
12734 828
12737 829
12739 830
1274 831
12740 832
12741 833
12755 834
12760 835
12765 836
12779 837
12781 838
12783 839
12787 840
12788 841
12789 842
12793 843
12797 844
1280 845
12802 846
12803 847
12805 848
1281 849
12814 850
12815 851
12819 852
1282 853
12824 854
12826 855
12828 856
12829 857
1283 858
12834 859
12837 860
12844 861
12846 862
12847 863
1285 864
12850 865
12851 866
12852 867
12855 868
12856 869
12860 870
12866 871
12869 872
12873 873
12876 874
12878 875
12880 876
12883 877
12884 878
12895 879
1290 880
12901 881
12904 882
12908 883
1291 884
12911 885
12917 886
12918 887
12919 888
1293 889
12935 890
1294 891
12941 892
12943 893
12948 894
1295 895
12954 896
12955 897
12956 898
12965 899
12972 900
12977 901
1298 902
12983 903
12984 904
12989 905
12996 906
13 907
130 908
1300 909
13001 910
13005 911
13010 912
13015 913
13016 914
13018 915
1302 916
13021 917
13022 918
13023 919
13024 920
13025 921
13027 922
13028 923
1303 924
13030 925
13038 926
1304 927
13046 928
1305 929
13051 930
13053 931
13056 932
1306 933
13065 934
13066 935
13068 936
13070 937
13074 938
13079 939
1308 940
13081 941
13085 942
13090 943
13092 944
13096 945
13097 946
13109 947
13110 948
13115 949
1312 950
13129 951
1313 952
13135 953
13139 954
13140 955
13142 956
13147 957
13148 958
13149 959
1315 960
13151 961
13155 962
13156 963
1316 964
13166 965
13167 966
13172 967
13173 968
13178 969
1318 970
13180 971
13182 972
13184 973
1319 974
13191 975
13192 976
13193 977
132 978
1320 979
13200 980
13201 981
13202 982
13206 983
13213 984
13215 985
13220 986
13221 987
13228 988
13230 989
13231 990
13232 991
13237 992
13241 993
13248 994
13253 995
13260 996
13267 997
13268 998
13269 999
13270 1000
13273 1001
13275 1002
13276 1003
13277 1004
13281 1005
13287 1006
13298 1007
133 1008
1330 1009
13302 1010
13304 1011
13309 1012
13310 1013
13312 1014
13319 1015
1332 1016
13320 1017
13321 1018
13322 1019
13325 1020
13327 1021
1333 1022
13331 1023
13338 1024
13342 1025
13345 1026
1335 1027
13353 1028
13354 1029
13358 1030
1336 1031
13360 1032
13361 1033
13370 1034
13371 1035
13374 1036
13376 1037
13384 1038
13395 1039
13396 1040
13397 1041
134 1042
1340 1043
13400 1044
1341 1045
13414 1046
13415 1047
13419 1048
13427 1049
13430 1050
13431 1051
13432 1052
13434 1053
13437 1054
13438 1055
1344 1056
13445 1057
13449 1058
1345 1059
13455 1060
13457 1061
13458 1062
13462 1063
13467 1064
13473 1065
13477 1066
13480 1067
13483 1068
13487 1069
13488 1070
13489 1071
1349 1072
13490 1073
13498 1074
135 1075
1350 1076
13500 1077
13501 1078
13506 1079
13509 1080
1351 1081
13513 1082
13520 1083
13525 1084
13527 1085
13535 1086
1354 1087
13544 1088
13546 1089
13555 1090
13561 1091
13562 1092
13577 1093
13581 1094
13583 1095
13585 1096
13587 1097
13598 1098
136 1099
1360 1100
13604 1101
1361 1102
13611 1103
13621 1104
13624 1105
13625 1106
13628 1107
13632 1108
13634 1109
13638 1110
1364 1111
13643 1112
13644 1113
13648 1114
13649 1115
1365 1116
13652 1117
13665 1118
13668 1119
13671 1120
13678 1121
1368 1122
13681 1123
13685 1124
13688 1125
13689 1126
1369 1127
13690 1128
13692 1129
13696 1130
13703 1131
13706 1132
13708 1133
1371 1134
13710 1135
13713 1136
13719 1137
13722 1138
13735 1139
13737 1140
13738 1141
13740 1142
13742 1143
1375 1144
13753 1145
13754 1146
13759 1147
1376 1148
13762 1149
13764 1150
13770 1151
13771 1152
13772 1153
1378 1154
13807 1155
1381 1156
13812 1157
13816 1158
13818 1159
13821 1160
13829 1161
13835 1162
13842 1163
13845 1164
13846 1165
13847 1166
13848 1167
1385 1168
13853 1169
13856 1170
1386 1171
13869 1172
1387 1173
13870 1174
13871 1175
13872 1176
13882 1177
13892 1178
13893 1179
13896 1180
13897 1181
139 1182
1390 1183
13903 1184
13912 1185
13913 1186
13914 1187
1393 1188
13935 1189
13936 1190
13942 1191
13943 1192
13944 1193
13947 1194
13950 1195
13958 1196
1396 1197
13961 1198
13963 1199
13967 1200
13968 1201
1397 1202
13975 1203
13976 1204
13980 1205
13982 1206
13987 1207
13990 1208
13997 1209
14 1210
140 1211
14001 1212
14005 1213
14009 1214
1401 1215
14011 1216
14019 1217
14023 1218
14026 1219
14027 1220
14028 1221
14029 1222
14031 1223
14033 1224
14036 1225
14039 1226
14043 1227
14044 1228
14045 1229
14047 1230
14049 1231
14050 1232
14057 1233
1407 1234
14070 1235
14073 1236
14074 1237
14081 1238
14085 1239
14086 1240
14091 1241
14103 1242
1411 1243
14110 1244
14111 1245
14116 1246
14117 1247
14121 1248
14129 1249
14134 1250
14140 1251
14143 1252
14147 1253
14157 1254
14158 1255
1416 1256
14170 1257
14175 1258
14179 1259
14183 1260
14184 1261
14193 1262
14197 1263
14200 1264
14203 1265
14205 1266
14208 1267
14209 1268
14216 1269
1422 1270
14220 1271
14223 1272
14224 1273
14226 1274
14227 1275
14228 1276
14232 1277
14233 1278
14242 1279
14246 1280
14247 1281
1425 1282
14250 1283
14267 1284
14271 1285
14272 1286
14286 1287
1429 1288
14290 1289
14296 1290
143 1291
14303 1292
14304 1293
1431 1294
14315 1295
14317 1296
14326 1297
14330 1298
1434 1299
14340 1300
14342 1301
14346 1302
14353 1303
14354 1304
14357 1305
1436 1306
14360 1307
14362 1308
14366 1309
1437 1310
14374 1311
14382 1312
14383 1313
14385 1314
14389 1315
1439 1316
14392 1317
14394 1318
14398 1319
144 1320
14400 1321
14401 1322
14402 1323
14408 1324
14411 1325
14412 1326
14416 1327
14421 1328
14422 1329
14425 1330
1443 1331
14430 1332
14434 1333
14437 1334
14438 1335
14455 1336
14457 1337
1446 1338
14463 1339
14464 1340
14469 1341
14477 1342
14479 1343
14482 1344
14483 1345
14485 1346
14495 1347
145 1348
14511 1349
14516 1350
14519 1351
1452 1352
14527 1353
1453 1354
14530 1355
14531 1356
14536 1357
14541 1358
14545 1359
14555 1360
14563 1361
14564 1362
14565 1363
14566 1364
14568 1365
1457 1366
14578 1367
14582 1368
14588 1369
14590 1370
14594 1371
14599 1372
146 1373
14600 1374
14601 1375
14603 1376
14606 1377
14617 1378
14620 1379
14625 1380
14627 1381
1463 1382
14631 1383
14638 1384
14642 1385
14643 1386
14645 1387
14647 1388
14648 1389
14649 1390
14651 1391
14656 1392
14658 1393
14663 1394
14665 1395
1467 1396
14672 1397
1468 1398
14683 1399
14684 1400
14685 1401
14693 1402
14695 1403
14700 1404
14716 1405
14717 1406
14721 1407
14727 1408
1473 1409
14734 1410
14738 1411
1474 1412
14741 1413
14746 1414
14752 1415
14754 1416
1476 1417
14769 1418
14770 1419
14772 1420
14773 1421
14777 1422
14779 1423
1478 1424
14785 1425
14787 1426
14796 1427
14799 1428
148 1429
14809 1430
14817 1431
14819 1432
1482 1433
14823 1434
14829 1435
14831 1436
14838 1437
14839 1438
14841 1439
14845 1440
14848 1441
14849 1442
14851 1443
14859 1444
1486 1445
14863 1446
14870 1447
14871 1448
14873 1449
14875 1450
1488 1451
14880 1452
14884 1453
14888 1454
14896 1455
14900 1456
14901 1457
14906 1458
1491 1459
14911 1460
14913 1461
14916 1462
14919 1463
14922 1464
1494 1465
14949 1466
1495 1467
14951 1468
14962 1469
14965 1470
14990 1471
14994 1472
14999 1473
15001 1474
15002 1475
15003 1476
15022 1477
15023 1478
15025 1479
15028 1480
15032 1481
15040 1482
15054 1483
15056 1484
15060 1485
15066 1486
15068 1487
1507 1488
15076 1489
15078 1490
15083 1491
15087 1492
15100 1493
15101 1494
15108 1495
15109 1496
15115 1497
15116 1498
15119 1499
15121 1500
15123 1501
15128 1502
15130 1503
15139 1504
15143 1505
15148 1506
15151 1507
15155 1508
15158 1509
1516 1510
15160 1511
15162 1512
15168 1513
15169 1514
15175 1515
15190 1516
15191 1517
15192 1518
15193 1519
15198 1520
1520 1521
15200 1522
15201 1523
15204 1524
15206 1525
15211 1526
15218 1527
15225 1528
15226 1529
15227 1530
15229 1531
1523 1532
15237 1533
15240 1534
15241 1535
15242 1536
15243 1537
15259 1538
1526 1539
15268 1540
15272 1541
15276 1542
15277 1543
15284 1544
15290 1545
15292 1546
15296 1547
153 1548
15303 1549
15304 1550
15308 1551
1531 1552
15314 1553
15316 1554
15318 1555
1532 1556
15326 1557
15327 1558
15330 1559
15331 1560
15332 1561
15334 1562
15335 1563
15339 1564
15344 1565
15355 1566
15361 1567
15362 1568
15363 1569
15367 1570
15371 1571
15372 1572
15376 1573
15377 1574
15380 1575
15382 1576
15386 1577
1539 1578
15392 1579
15400 1580
15401 1581
15402 1582
15403 1583
15410 1584
15419 1585
15420 1586
15423 1587
15425 1588
15426 1589
15429 1590
1543 1591
15432 1592
15438 1593
15439 1594
15440 1595
15448 1596
1545 1597
15451 1598
15461 1599
15462 1600
15466 1601
15470 1602
15473 1603
15475 1604
15479 1605
15480 1606
15485 1607
15489 1608
15490 1609
15491 1610
15495 1611
15498 1612
15501 1613
15502 1614
15503 1615
15505 1616
15510 1617
15515 1618
15517 1619
15518 1620
15524 1621
15526 1622
15527 1623
1553 1624
15530 1625
15536 1626
15539 1627
15543 1628
15554 1629
15556 1630
15558 1631
15559 1632
15560 1633
15565 1634
15567 1635
15575 1636
15578 1637
1558 1638
15581 1639
1559 1640
15594 1641
15595 1642
15598 1643
15605 1644
15608 1645
15609 1646
1561 1647
15617 1648
15619 1649
15621 1650
15623 1651
15624 1652
15625 1653
15626 1654
15630 1655
15633 1656
1565 1657
15654 1658
15655 1659
1566 1660
15663 1661
15666 1662
15667 1663
15671 1664
15673 1665
15677 1666
15678 1667
15684 1668
15690 1669
15698 1670
157 1671
1570 1672
15701 1673
15706 1674
15709 1675
15710 1676
15711 1677
15715 1678
1572 1679
15730 1680
15731 1681
15734 1682
15735 1683
15744 1684
15745 1685
15747 1686
1575 1687
15750 1688
15751 1689
15752 1690
15759 1691
1576 1692
15761 1693
15762 1694
15763 1695
15764 1696
15765 1697
15766 1698
1577 1699
15773 1700
15776 1701
15788 1702
15791 1703
15793 1704
15797 1705
15799 1706
1580 1707
15803 1708
15806 1709
15808 1710
1581 1711
15814 1712
15826 1713
15829 1714
15838 1715
1584 1716
15842 1717
15852 1718
15854 1719
15855 1720
15856 1721
15863 1722
15865 1723
15866 1724
15874 1725
15877 1726
1588 1727
15880 1728
15887 1729
15889 1730
15895 1731
159 1732
1590 1733
15903 1734
15906 1735
15907 1736
15908 1737
15912 1738
1592 1739
15922 1740
15924 1741
15926 1742
15930 1743
15932 1744
15933 1745
15937 1746
1594 1747
15942 1748
15943 1749
15945 1750
15948 1751
15954 1752
15956 1753
1596 1754
15960 1755
15961 1756
15963 1757
15966 1758
15976 1759
15977 1760
1598 1761
15987 1762
15989 1763
1599 1764
15993 1765
16004 1766
16007 1767
1601 1768
16010 1769
16017 1770
1602 1771
16022 1772
16026 1773
16029 1774
1603 1775
16036 1776
16047 1777
1605 1778
16053 1779
16054 1780
1606 1781
16061 1782
16063 1783
16066 1784
16068 1785
1607 1786
16074 1787
16075 1788
16076 1789
16086 1790
16090 1791
16094 1792
1610 1793
16105 1794
16108 1795
16114 1796
16116 1797
16119 1798
1612 1799
16121 1800
16129 1801
16131 1802
16135 1803
16138 1804
1614 1805
16146 1806
16148 1807
16149 1808
1615 1809
16155 1810
16156 1811
16157 1812
1616 1813
16165 1814
16172 1815
16173 1816
16175 1817
16176 1818
16181 1819
16183 1820
1619 1821
16192 1822
16197 1823
16199 1824
1620 1825
16201 1826
16202 1827
16203 1828
16207 1829
16212 1830
16214 1831
16219 1832
16225 1833
16226 1834
16228 1835
16234 1836
16239 1837
1624 1838
16253 1839
16254 1840
16258 1841
16261 1842
16264 1843
16272 1844
16274 1845
16279 1846
16280 1847
16285 1848
16290 1849
16293 1850
16296 1851
1630 1852
1631 1853
16310 1854
16316 1855
16319 1856
16322 1857
16323 1858
16330 1859
16336 1860
16339 1861
16340 1862
16346 1863
16348 1864
1635 1865
16351 1866
16355 1867
16359 1868
1636 1869
16360 1870
16364 1871
16370 1872
16373 1873
16383 1874
16384 1875
1639 1876
16392 1877
16393 1878
16397 1879
16406 1880
16407 1881
16409 1882
16414 1883
16415 1884
16418 1885
1642 1886
16420 1887
16421 1888
16422 1889
16423 1890
16425 1891
16426 1892
16430 1893
1644 1894
16444 1895
16445 1896
16447 1897
16452 1898
16453 1899
16457 1900
16459 1901
1646 1902
16469 1903
16477 1904
1648 1905
16485 1906
16499 1907
16503 1908
16505 1909
1651 1910
16519 1911
16520 1912
16526 1913
16528 1914
16539 1915
1654 1916
16549 1917
16551 1918
16552 1919
16555 1920
16557 1921
16558 1922
16560 1923
16561 1924
16562 1925
16571 1926
16575 1927
16578 1928
16580 1929
16582 1930
16588 1931
16591 1932
16593 1933
1660 1934
16606 1935
16608 1936
16611 1937
16612 1938
16617 1939
16618 1940
1662 1941
16620 1942
16633 1943
16636 1944
1664 1945
16646 1946
1665 1947
16650 1948
16653 1949
16662 1950
1667 1951
16675 1952
16677 1953
1668 1954
16680 1955
16681 1956
16685 1957
16688 1958
1669 1959
16692 1960
16693 1961
16700 1962
16701 1963
16705 1964
16709 1965
16718 1966
16719 1967
16737 1968
16738 1969
16739 1970
16743 1971
16747 1972
16750 1973
16752 1974
16756 1975
1676 1976
16762 1977
16767 1978
16768 1979
16769 1980
16777 1981
16779 1982
16785 1983
16789 1984
168 1985
1680 1986
16802 1987
16808 1988
16809 1989
16810 1990
16813 1991
16815 1992
1682 1993
16820 1994
16822 1995
16824 1996
16835 1997
16841 1998
1685 1999
16851 2000
16853 2001
16856 2002
16859 2003
16861 2004
16865 2005
16866 2006
16867 2007
16868 2008
16871 2009
16873 2010
16874 2011
16882 2012
16884 2013
16886 2014
16887 2015
16892 2016
16896 2017
1690 2018
16904 2019
16907 2020
1691 2021
16918 2022
1692 2023
16929 2024
1693 2025
16934 2026
16938 2027
16939 2028
16942 2029
16946 2030
16948 2031
16952 2032
1696 2033
16960 2034
16961 2035
16967 2036
16971 2037
16988 2038
16990 2039
16991 2040
1700 2041
17002 2042
17012 2043
17018 2044
17021 2045
17022 2046
1703 2047
17032 2048
17033 2049
17038 2050
1704 2051
17040 2052
17042 2053
17043 2054
17045 2055
17052 2056
17058 2057
17061 2058
17064 2059
17068 2060
17070 2061
17075 2062
17076 2063
17079 2064
17085 2065
17086 2066
17089 2067
1709 2068
17092 2069
17100 2070
17106 2071
17109 2072
1711 2073
17111 2074
1712 2075
17120 2076
17122 2077
1713 2078
17131 2079
17137 2080
17141 2081
17142 2082
17144 2083
17152 2084
17153 2085
17158 2086
1716 2087
17161 2088
17168 2089
1717 2090
17177 2091
17179 2092
17183 2093
17192 2094
17195 2095
17197 2096
17198 2097
17199 2098
172 2099
17200 2100
17201 2101
17202 2102
17204 2103
17206 2104
17212 2105
17213 2106
17214 2107
17215 2108
17220 2109
17221 2110
17223 2111
17224 2112
17228 2113
17231 2114
17241 2115
17242 2116
1725 2117
17252 2118
17255 2119
1726 2120
17263 2121
17265 2122
17270 2123
17271 2124
17272 2125
17274 2126
17276 2127
17288 2128
17295 2129
17298 2130
173 2131
17307 2132
1731 2133
17310 2134
17312 2135
17313 2136
17314 2137
17323 2138
17330 2139
17336 2140
17339 2141
1734 2142
17349 2143
1735 2144
17353 2145
17357 2146
17358 2147
1736 2148
17362 2149
17366 2150
17367 2151
17368 2152
17369 2153
17373 2154
17376 2155
17377 2156
17380 2157
17384 2158
17387 2159
17390 2160
1740 2161
17403 2162
17405 2163
17415 2164
17420 2165
17422 2166
17425 2167
17428 2168
1743 2169
17433 2170
17434 2171
17436 2172
17450 2173
17453 2174
17455 2175
17456 2176
17458 2177
17459 2178
17462 2179
17463 2180
17465 2181
1747 2182
17470 2183
17472 2184
17473 2185
17478 2186
17483 2187
17489 2188
17494 2189
17495 2190
17496 2191
175 2192
1750 2193
17502 2194
17506 2195
17508 2196
17520 2197
17529 2198
1753 2199
17536 2200
17538 2201
1754 2202
17542 2203
17543 2204
17545 2205
17546 2206
17555 2207
17575 2208
17578 2209
17586 2210
17589 2211
17595 2212
1760 2213
17604 2214
17618 2215
1762 2216
17627 2217
1763 2218
17638 2219
17639 2220
17640 2221
17642 2222
17644 2223
17646 2224
17648 2225
17651 2226
17653 2227
17654 2228
17655 2229
1766 2230
17660 2231
17666 2232
17668 2233
17672 2234
17677 2235
17686 2236
17689 2237
1769 2238
17691 2239
17692 2240
177 2241
17700 2242
17707 2243
1771 2244
17728 2245
17730 2246
17735 2247
17745 2248
17750 2249
17752 2250
17755 2251
17757 2252
17760 2253
17764 2254
17767 2255
17768 2256
1777 2257
17781 2258
17783 2259
17784 2260
17790 2261
17793 2262
17799 2263
17802 2264
17803 2265
17804 2266
17809 2267
1781 2268
17818 2269
17821 2270
17822 2271
17827 2272
17829 2273
17830 2274
17831 2275
17833 2276
17839 2277
17847 2278
1785 2279
17853 2280
17855 2281
1786 2282
17865 2283
17870 2284
17875 2285
17876 2286
17877 2287
17885 2288
17886 2289
17895 2290
17896 2291
179 2292
17912 2293
1792 2294
17920 2295
17923 2296
17929 2297
17930 2298
17935 2299
17938 2300
17941 2301
17949 2302
17951 2303
17953 2304
17957 2305
17958 2306
17960 2307
17961 2308
17972 2309
17976 2310
17984 2311
17987 2312
17995 2313
17996 2314
17997 2315
17998 2316
18 2317
180 2318
1800 2319
18000 2320
18013 2321
18019 2322
18020 2323
18022 2324
18028 2325
18029 2326
18031 2327
18036 2328
18037 2329
1805 2330
18052 2331
18053 2332
18054 2333
18056 2334
18068 2335
1807 2336
18072 2337
18075 2338
1808 2339
18081 2340
18083 2341
18089 2342
18090 2343
18092 2344
18095 2345
18097 2346
1810 2347
18102 2348
18106 2349
18107 2350
18113 2351
18114 2352
18115 2353
1812 2354
18121 2355
18123 2356
18125 2357
18128 2358
18132 2359
18139 2360
18140 2361
18141 2362
18145 2363
18146 2364
18147 2365
18148 2366
1815 2367
18153 2368
18154 2369
18158 2370
1816 2371
18166 2372
18167 2373
18176 2374
18179 2375
18181 2376
18184 2377
1819 2378
18190 2379
18192 2380
18197 2381
18199 2382
182 2383
1820 2384
18203 2385
18205 2386
18207 2387
18208 2388
18210 2389
18215 2390
1822 2391
18224 2392
18227 2393
1823 2394
18231 2395
1824 2396
18240 2397
18241 2398
18242 2399
18243 2400
18246 2401
18248 2402
18267 2403
18284 2404
1829 2405
18291 2406
18300 2407
18302 2408
18305 2409
1831 2410
18313 2411
1832 2412
18326 2413
1833 2414
18336 2415
18337 2416
18346 2417
1835 2418
18356 2419
18358 2420
18365 2421
18366 2422
18369 2423
1837 2424
18383 2425
18385 2426
1840 2427
1841 2428
18413 2429
18414 2430
18416 2431
18424 2432
18427 2433
18431 2434
18436 2435
18438 2436
18439 2437
1844 2438
18452 2439
18454 2440
1846 2441
18468 2442
18477 2443
18482 2444
18484 2445
18489 2446
18495 2447
18499 2448
185 2449
18501 2450
18507 2451
18508 2452
18509 2453
18510 2454
18515 2455
18516 2456
18517 2457
18520 2458
18529 2459
18531 2460
18535 2461
18537 2462
18539 2463
18543 2464
18544 2465
18545 2466
18546 2467
1855 2468
18555 2469
18556 2470
18558 2471
1856 2472
18562 2473
18566 2474
18568 2475
18569 2476
18571 2477
18572 2478
18575 2479
18581 2480
18583 2481
18588 2482
18591 2483
18593 2484
18594 2485
1860 2486
18601 2487
18606 2488
18615 2489
18616 2490
18617 2491
18618 2492
18624 2493
1863 2494
18631 2495
18641 2496
18643 2497
18656 2498
18658 2499
18659 2500
1867 2501
18673 2502
18681 2503
18682 2504
18683 2505
18685 2506
18689 2507
1869 2508
18690 2509
18696 2510
18699 2511
18700 2512
18708 2513
18714 2514
18734 2515
18744 2516
18746 2517
18747 2518
18748 2519
1875 2520
18756 2521
18759 2522
18760 2523
18761 2524
18764 2525
18765 2526
18768 2527
18770 2528
18771 2529
18777 2530
18779 2531
1878 2532
18781 2533
18782 2534
18783 2535
18790 2536
18791 2537
18795 2538
18798 2539
188 2540
18802 2541
18806 2542
18812 2543
18819 2544
18822 2545
18826 2546
1883 2547
18842 2548
18843 2549
18847 2550
18848 2551
1885 2552
18852 2553
18859 2554
18860 2555
18861 2556
18863 2557
18884 2558
18887 2559
1889 2560
18890 2561
18892 2562
18895 2563
18902 2564
18914 2565
1892 2566
18921 2567
18922 2568
18924 2569
18925 2570
18933 2571
18934 2572
18950 2573
18954 2574
18960 2575
18967 2576
18970 2577
18995 2578
18998 2579
19 2580
19006 2581
19007 2582
1901 2583
19011 2584
19018 2585
19025 2586
1903 2587
19031 2588
19032 2589
19033 2590
19034 2591
19040 2592
19042 2593
19044 2594
19045 2595
19047 2596
19049 2597
19052 2598
19053 2599
19063 2600
19067 2601
19073 2602
19074 2603
19076 2604
19078 2605
1908 2606
19080 2607
19087 2608
19089 2609
19092 2610
19093 2611
19098 2612
191 2613
1913 2614
19139 2615
19140 2616
19145 2617
19147 2618
1915 2619
19155 2620
19163 2621
19169 2622
19175 2623
19179 2624
1918 2625
19183 2626
19193 2627
19199 2628
19202 2629
19204 2630
19205 2631
19206 2632
19216 2633
19217 2634
19219 2635
19221 2636
19234 2637
19239 2638
1924 2639
19244 2640
19245 2641
19256 2642
19257 2643
19263 2644
19268 2645
1927 2646
19273 2647
19283 2648
19288 2649
19294 2650
19296 2651
1930 2652
19315 2653
1932 2654
19323 2655
19326 2656
1934 2657
19345 2658
19348 2659
19349 2660
19350 2661
19352 2662
19353 2663
19357 2664
19359 2665
19361 2666
19362 2667
19364 2668
19366 2669
19367 2670
19368 2671
19371 2672
19375 2673
1938 2674
19383 2675
19388 2676
1939 2677
19395 2678
19399 2679
194 2680
19401 2681
19404 2682
19406 2683
1941 2684
19411 2685
19416 2686
19421 2687
19422 2688
19437 2689
1944 2690
19441 2691
19442 2692
19443 2693
1945 2694
19450 2695
19468 2696
19474 2697
19475 2698
19477 2699
19478 2700
1948 2701
19481 2702
19488 2703
19498 2704
19502 2705
19503 2706
1951 2707
19513 2708
19517 2709
1953 2710
19540 2711
1955 2712
19552 2713
19555 2714
1956 2715
19560 2716
19561 2717
19563 2718
19565 2719
19568 2720
19571 2721
19575 2722
19576 2723
19579 2724
19584 2725
19585 2726
19592 2727
19596 2728
19597 2729
19598 2730
19607 2731
19609 2732
1961 2733
19614 2734
19615 2735
19616 2736
1962 2737
19622 2738
19626 2739
19627 2740
19628 2741
19633 2742
1964 2743
19643 2744
1965 2745
19654 2746
1967 2747
19672 2748
1968 2749
19681 2750
19686 2751
19689 2752
19695 2753
19696 2754
197 2755
1970 2756
19700 2757
19705 2758
19707 2759
19709 2760
19713 2761
19715 2762
19722 2763
19731 2764
19736 2765
19738 2766
19745 2767
1975 2768
19753 2769
19756 2770
19757 2771
19762 2772
19763 2773
19771 2774
19772 2775
19774 2776
19776 2777
19781 2778
19794 2779
19797 2780
198 2781
19813 2782
1982 2783
19822 2784
19831 2785
19835 2786
19839 2787
1984 2788
19840 2789
19843 2790
19848 2791
19850 2792
19854 2793
19856 2794
19861 2795
19863 2796
19865 2797
19867 2798
19868 2799
19870 2800
19874 2801
19884 2802
19893 2803
19894 2804
19899 2805
19914 2806
19915 2807
19918 2808
19921 2809
19926 2810
19928 2811
1993 2812
19941 2813
19943 2814
19947 2815
1995 2816
1996 2817
19967 2818
19972 2819
19977 2820
19981 2821
1999 2822
19990 2823
19995 2824
19998 2825
19999 2826
200 2827
20011 2828
20017 2829
20021 2830
20027 2831
20035 2832
20036 2833
20040 2834
20046 2835
20047 2836
20060 2837
20091 2838
201 2839
20103 2840
20104 2841
20110 2842
20117 2843
20119 2844
20120 2845
20125 2846
20130 2847
2014 2848
20145 2849
20148 2850
20151 2851
20164 2852
20165 2853
2017 2854
20170 2855
20176 2856
20178 2857
20180 2858
20182 2859
20183 2860
20185 2861
20187 2862
20189 2863
20194 2864
20202 2865
20206 2866
20216 2867
20221 2868
20223 2869
20226 2870
20228 2871
2024 2872
20240 2873
20256 2874
20257 2875
20259 2876
2026 2877
20265 2878
20266 2879
20269 2880
20270 2881
20278 2882
20279 2883
20283 2884
20288 2885
20292 2886
20297 2887
203 2888
20301 2889
20302 2890
2031 2891
20311 2892
20313 2893
2032 2894
20321 2895
20323 2896
20327 2897
20328 2898
20329 2899
2033 2900
20331 2901
20332 2902
20333 2903
20337 2904
20338 2905
20344 2906
20345 2907
20349 2908
20352 2909
20353 2910
20356 2911
2036 2912
20360 2913
20361 2914
20364 2915
20367 2916
20378 2917
20379 2918
2038 2919
20386 2920
20396 2921
20398 2922
204 2923
2040 2924
20403 2925
20407 2926
20408 2927
20413 2928
20418 2929
2042 2930
20429 2931
20434 2932
20444 2933
20446 2934
20452 2935
20453 2936
20454 2937
20456 2938
20461 2939
20464 2940
20471 2941
20472 2942
20473 2943
20475 2944
20476 2945
20485 2946
2049 2947
20494 2948
205 2949
2050 2950
20505 2951
20506 2952
20507 2953
20508 2954
20509 2955
20511 2956
20522 2957
20523 2958
20526 2959
20536 2960
20538 2961
2054 2962
20541 2963
2055 2964
20551 2965
20554 2966
20558 2967
2056 2968
20560 2969
20567 2970
20577 2971
20588 2972
2059 2973
20590 2974
20591 2975
20603 2976
20605 2977
20609 2978
2061 2979
20620 2980
20623 2981
20627 2982
2063 2983
20631 2984
20632 2985
20636 2986
20637 2987
20639 2988
20643 2989
20644 2990
20646 2991
20648 2992
20653 2993
20655 2994
20657 2995
20665 2996
20671 2997
20683 2998
2069 2999
20691 3000
20694 3001
207 3002
2070 3003
20701 3004
20702 3005
20703 3006
20708 3007
20709 3008
2071 3009
20712 3010
20716 3011
20721 3012
20726 3013
20727 3014
2073 3015
20737 3016
20738 3017
20739 3018
20740 3019
20743 3020
20744 3021
20754 3022
20771 3023
20777 3024
2078 3025
20780 3026
20781 3027
20782 3028
20784 3029
20785 3030
20787 3031
2079 3032
20795 3033
20798 3034
208 3035
20806 3036
20809 3037
20813 3038
20814 3039
20816 3040
2082 3041
20820 3042
20821 3043
20824 3044
20830 3045
20834 3046
20838 3047
20839 3048
2084 3049
20841 3050
20842 3051
20853 3052
20858 3053
20868 3054
20872 3055
20876 3056
20877 3057
20879 3058
20885 3059
2089 3060
209 3061
20903 3062
20904 3063
20907 3064
20908 3065
20909 3066
20914 3067
20916 3068
20917 3069
20919 3070
20932 3071
20934 3072
2094 3073
20955 3074
20956 3075
20957 3076
20966 3077
20973 3078
2098 3079
20982 3080
20986 3081
2099 3082
20991 3083
20992 3084
20994 3085
21 3086
21008 3087
21019 3088
21022 3089
21025 3090
21027 3091
21031 3092
21037 3093
21038 3094
21041 3095
21043 3096
21051 3097
21053 3098
2106 3099
21062 3100
2107 3101
21071 3102
2108 3103
21082 3104
21085 3105
2109 3106
21090 3107
21093 3108
21095 3109
21097 3110
21099 3111
2110 3112
21100 3113
21101 3114
21102 3115
21103 3116
2111 3117
21112 3118
2112 3119
21120 3120
21122 3121
2113 3122
21132 3123
21138 3124
21139 3125
2114 3126
21140 3127
21144 3128
21145 3129
21148 3130
21151 3131
21154 3132
21157 3133
21160 3134
21161 3135
21164 3136
21166 3137
21172 3138
2118 3139
21183 3140
2119 3141
21197 3142
21198 3143
21201 3144
21203 3145
21205 3146
21206 3147
21207 3148
21208 3149
21213 3150
2122 3151
21221 3152
21224 3153
2123 3154
21234 3155
21235 3156
21236 3157
21237 3158
21241 3159
21242 3160
21246 3161
21247 3162
21248 3163
21250 3164
21252 3165
21253 3166
21256 3167
21263 3168
21267 3169
2127 3170
21272 3171
21279 3172
21281 3173
21282 3174
2129 3175
21290 3176
21291 3177
21293 3178
2130 3179
21303 3180
21304 3181
21308 3182
2131 3183
21312 3184
21315 3185
2132 3186
21322 3187
21325 3188
21329 3189
2133 3190
21335 3191
21342 3192
21345 3193
21348 3194
21356 3195
21358 3196
21359 3197
2136 3198
21367 3199
2137 3200
21379 3201
21380 3202
21382 3203
21384 3204
2139 3205
21395 3206
214 3207
2140 3208
21400 3209
21416 3210
21423 3211
21428 3212
21432 3213
2144 3214
21441 3215
21443 3216
21448 3217
21450 3218
21451 3219
21466 3220
21474 3221
21478 3222
2148 3223
21481 3224
2149 3225
21490 3226
21493 3227
215 3228
21504 3229
21505 3230
21510 3231
21512 3232
21519 3233
21521 3234
21527 3235
21529 3236
21534 3237
21536 3238
21538 3239
21547 3240
21553 3241
21557 3242
2156 3243
21564 3244
21567 3245
21569 3246
21576 3247
2158 3248
21584 3249
21585 3250
21586 3251
2159 3252
21590 3253
21598 3254
21599 3255
2160 3256
21601 3257
21603 3258
21604 3259
21605 3260
21607 3261
2161 3262
21613 3263
21617 3264
21621 3265
21626 3266
2163 3267
21631 3268
21635 3269
21646 3270
2165 3271
21661 3272
2167 3273
21670 3274
21671 3275
21675 3276
21678 3277
21679 3278
2168 3279
21682 3280
21684 3281
21687 3282
21689 3283
2169 3284
21697 3285
21698 3286
217 3287
2170 3288
2171 3289
21712 3290
21713 3291
21716 3292
21717 3293
21719 3294
2173 3295
21731 3296
21736 3297
21741 3298
21748 3299
21750 3300
21755 3301
21768 3302
21769 3303
2177 3304
21771 3305
21773 3306
21782 3307
21784 3308
21786 3309
2179 3310
21800 3311
21803 3312
2181 3313
21818 3314
21826 3315
21828 3316
21837 3317
21838 3318
21839 3319
2184 3320
21843 3321
21844 3322
21845 3323
21847 3324
21850 3325
21852 3326
21859 3327
21868 3328
2187 3329
21872 3330
21879 3331
2188 3332
21880 3333
21884 3334
2189 3335
21892 3336
21893 3337
21896 3338
21902 3339
21905 3340
21908 3341
21910 3342
21912 3343
21916 3344
21930 3345
21934 3346
21935 3347
21938 3348
21939 3349
21941 3350
21945 3351
21946 3352
2195 3353
21954 3354
21959 3355
21964 3356
21969 3357
2197 3358
21970 3359
21972 3360
21973 3361
21975 3362
21993 3363
21994 3364
21996 3365
21999 3366
22 3367
22001 3368
22010 3369
22030 3370
22033 3371
22038 3372
2204 3373
22041 3374
22044 3375
22047 3376
2205 3377
22050 3378
22051 3379
22055 3380
22057 3381
2206 3382
22061 3383
22063 3384
22072 3385
22074 3386
22076 3387
22079 3388
22080 3389
22083 3390
22087 3391
22088 3392
22099 3393
221 3394
22109 3395
22111 3396
22116 3397
22118 3398
22119 3399
2212 3400
22120 3401
22125 3402
22128 3403
22129 3404
22131 3405
22138 3406
2214 3407
22141 3408
22142 3409
22154 3410
22155 3411
22157 3412
22162 3413
22165 3414
22167 3415
22168 3416
22178 3417
22184 3418
22188 3419
22191 3420
22194 3421
22197 3422
22199 3423
22203 3424
22208 3425
22209 3426
2221 3427
22218 3428
22224 3429
22227 3430
22228 3431
22231 3432
22234 3433
2224 3434
22240 3435
22241 3436
22248 3437
2225 3438
22258 3439
22267 3440
22282 3441
22291 3442
22302 3443
22305 3444
22309 3445
22310 3446
22312 3447
22313 3448
2232 3449
22320 3450
22322 3451
22323 3452
2233 3453
22333 3454
22339 3455
22350 3456
22359 3457
22365 3458
22368 3459
22369 3460
2238 3461
22381 3462
22384 3463
22389 3464
22394 3465
22398 3466
22399 3467
224 3468
2240 3469
22400 3470
22402 3471
22403 3472
22404 3473
22408 3474
2241 3475
22410 3476
22415 3477
22421 3478
22424 3479
22426 3480
22428 3481
22431 3482
22435 3483
22436 3484
22440 3485
22442 3486
22449 3487
22452 3488
22454 3489
22455 3490
22456 3491
22457 3492
2246 3493
22462 3494
22465 3495
22471 3496
22472 3497
22474 3498
22477 3499
22479 3500
2249 3501
22490 3502
22493 3503
22497 3504
225 3505
22500 3506
22505 3507
2251 3508
22511 3509
22512 3510
22513 3511
22518 3512
22523 3513
22526 3514
2253 3515
22532 3516
22537 3517
22542 3518
22547 3519
2255 3520
22553 3521
22554 3522
22555 3523
22557 3524
22564 3525
22569 3526
22571 3527
22572 3528
22573 3529
22575 3530
22588 3531
22593 3532
22597 3533
22599 3534
226 3535
2260 3536
22601 3537
22602 3538
2261 3539
2262 3540
22622 3541
22623 3542
22624 3543
22640 3544
22641 3545
22659 3546
22666 3547
22667 3548
2267 3549
22677 3550
22678 3551
22680 3552
22682 3553
22687 3554
2269 3555
22695 3556
227 3557
22700 3558
22718 3559
22719 3560
22728 3561
22729 3562
22730 3563
22731 3564
22733 3565
22743 3566
22755 3567
22759 3568
22765 3569
2277 3570
22771 3571
22772 3572
22774 3573
22777 3574
22778 3575
22782 3576
22786 3577
22789 3578
22790 3579
22808 3580
2281 3581
22811 3582
2282 3583
22827 3584
22838 3585
22844 3586
22845 3587
22847 3588
22850 3589
22858 3590
22870 3591
22872 3592
22874 3593
22878 3594
22879 3595
22888 3596
22890 3597
22891 3598
22897 3599
2290 3600
22910 3601
2292 3602
22927 3603
22929 3604
2293 3605
22930 3606
22932 3607
22934 3608
22935 3609
22940 3610
22945 3611
22946 3612
2295 3613
22963 3614
22964 3615
22973 3616
22977 3617
22984 3618
22987 3619
22989 3620
2299 3621
22990 3622
22994 3623
22995 3624
22996 3625
230 3626
2300 3627
23005 3628
23006 3629
2301 3630
23010 3631
23014 3632
23015 3633
2302 3634
23020 3635
23025 3636
2303 3637
23033 3638
23035 3639
23036 3640
23040 3641
23047 3642
23051 3643
23054 3644
2307 3645
23070 3646
23074 3647
23079 3648
2308 3649
23082 3650
23087 3651
23088 3652
2309 3653
23090 3654
23093 3655
23108 3656
2311 3657
23117 3658
2312 3659
23120 3660
23124 3661
23128 3662
2313 3663
23130 3664
23132 3665
23135 3666
23136 3667
23137 3668
23139 3669
2314 3670
23148 3671
2315 3672
23153 3673
23156 3674
23159 3675
2316 3676
23164 3677
23166 3678
23169 3679
23170 3680
2318 3681
23183 3682
23190 3683
23191 3684
23192 3685
23195 3686
23196 3687
23204 3688
23211 3689
23213 3690
23215 3691
23219 3692
23221 3693
23238 3694
23249 3695
23252 3696
23258 3697
23259 3698
23261 3699
23265 3700
23266 3701
2327 3702
23273 3703
23274 3704
23275 3705
23282 3706
23285 3707
23287 3708
2329 3709
23292 3710
2330 3711
23302 3712
23303 3713
23307 3714
23317 3715
23322 3716
23327 3717
23330 3718
23335 3719
23336 3720
23338 3721
2334 3722
23341 3723
23342 3724
23345 3725
2335 3726
23350 3727
23351 3728
23357 3729
23362 3730
23366 3731
23376 3732
23379 3733
2338 3734
23383 3735
2339 3736
23390 3737
234 3738
2340 3739
23404 3740
2341 3741
23416 3742
23423 3743
23428 3744
2343 3745
23433 3746
2344 3747
23440 3748
2345 3749
23452 3750
23453 3751
23455 3752
23457 3753
23461 3754
23462 3755
23465 3756
23467 3757
23476 3758
2348 3759
23481 3760
23483 3761
23491 3762
235 3763
23525 3764
2353 3765
23530 3766
23531 3767
23532 3768
23536 3769
23538 3770
23545 3771
23562 3772
23563 3773
23565 3774
23568 3775
23569 3776
23571 3777
23574 3778
23576 3779
2358 3780
23580 3781
23586 3782
23588 3783
2360 3784
23600 3785
23602 3786
23603 3787
23609 3788
2361 3789
23610 3790
23611 3791
23617 3792
23627 3793
23629 3794
2363 3795
23631 3796
23633 3797
23636 3798
23640 3799
23643 3800
23645 3801
2366 3802
23660 3803
23662 3804
23663 3805
23670 3806
23675 3807
23684 3808
2369 3809
23697 3810
2370 3811
23709 3812
2371 3813
23710 3814
23711 3815
23725 3816
23729 3817
2374 3818
23745 3819
23753 3820
23759 3821
23762 3822
23767 3823
2377 3824
23791 3825
23798 3826
23804 3827
23807 3828
2381 3829
23814 3830
23821 3831
23833 3832
23837 3833
2384 3834
23848 3835
2385 3836
23853 3837
23862 3838
23863 3839
23864 3840
23865 3841
23867 3842
2387 3843
23870 3844
23874 3845
23877 3846
23880 3847
23883 3848
2389 3849
23901 3850
23904 3851
23906 3852
23913 3853
23917 3854
23924 3855
23926 3856
23928 3857
23929 3858
23933 3859
23936 3860
23944 3861
23947 3862
2395 3863
23953 3864
23960 3865
23964 3866
23968 3867
2397 3868
23971 3869
23979 3870
23983 3871
23990 3872
23991 3873
23992 3874
23995 3875
23999 3876
2400 3877
24001 3878
24002 3879
24006 3880
2401 3881
24016 3882
2402 3883
24029 3884
24036 3885
24038 3886
24041 3887
24042 3888
24044 3889
2405 3890
24053 3891
24055 3892
2406 3893
24066 3894
24067 3895
2407 3896
24072 3897
24078 3898
2408 3899
24085 3900
24086 3901
2409 3902
24093 3903
24094 3904
24096 3905
2410 3906
24112 3907
24113 3908
24115 3909
24124 3910
24126 3911
24127 3912
24128 3913
24132 3914
24133 3915
24140 3916
24141 3917
24142 3918
24143 3919
24147 3920
24151 3921
24160 3922
24163 3923
24168 3924
24173 3925
24176 3926
2418 3927
24185 3928
24186 3929
24191 3930
24194 3931
24195 3932
242 3933
2420 3934
24200 3935
24208 3936
24216 3937
2422 3938
24222 3939
24231 3940
24234 3941
24237 3942
24240 3943
24241 3944
24258 3945
24259 3946
2426 3947
24262 3948
24268 3949
24269 3950
24272 3951
24273 3952
24282 3953
24284 3954
24291 3955
24294 3956
24296 3957
2430 3958
24305 3959
24309 3960
24311 3961
24315 3962
24316 3963
2432 3964
24323 3965
24328 3966
24329 3967
2435 3968
2436 3969
24365 3970
24366 3971
24367 3972
24369 3973
2437 3974
24370 3975
24372 3976
24378 3977
2438 3978
24385 3979
24388 3980
24392 3981
24396 3982
24399 3983
2440 3984
24401 3985
24403 3986
2441 3987
24415 3988
24417 3989
24418 3990
2442 3991
2443 3992
24432 3993
24445 3994
24446 3995
24447 3996
2445 3997
2446 3998
24463 3999
24468 4000
2447 4001
24483 4002
24486 4003
24495 4004
245 4005
24503 4006
24508 4007
24515 4008
24516 4009
24517 4010
2453 4011
24534 4012
24536 4013
24537 4014
24539 4015
2454 4016
24544 4017
24546 4018
2455 4019
24553 4020
24555 4021
24558 4022
24562 4023
24564 4024
24570 4025
24578 4026
24579 4027
24583 4028
24584 4029
24588 4030
24591 4031
24594 4032
24598 4033
246 4034
24603 4035
2461 4036
24610 4037
24613 4038
24618 4039
24619 4040
24628 4041
24629 4042
2463 4043
24633 4044
24636 4045
24641 4046
24643 4047
24645 4048
24647 4049
24653 4050
24658 4051
24663 4052
24664 4053
24669 4054
24670 4055
2468 4056
24681 4057
24690 4058
24693 4059
24697 4060
24699 4061
24700 4062
24704 4063
24706 4064
24715 4065
24718 4066
24719 4067
2472 4068
24722 4069
24723 4070
24729 4071
24731 4072
24739 4073
2474 4074
24751 4075
24773 4076
24775 4077
24777 4078
24783 4079
24791 4080
24792 4081
24794 4082
24798 4083
24799 4084
248 4085
2480 4086
24803 4087
24804 4088
24809 4089
2481 4090
24812 4091
2484 4092
24846 4093
24848 4094
2485 4095
24855 4096
24858 4097
24860 4098
24867 4099
24874 4100
24877 4101
24878 4102
2488 4103
24881 4104
24884 4105
24890 4106
24893 4107
24897 4108
24898 4109
24900 4110
24902 4111
24904 4112
24912 4113
24915 4114
2493 4115
24936 4116
24948 4117
2495 4118
24955 4119
24956 4120
2496 4121
24961 4122
24965 4123
24966 4124
24971 4125
24976 4126
24979 4127
24983 4128
24984 4129
24985 4130
24989 4131
24998 4132
250 4133
2500 4134
25003 4135
25008 4136
2501 4137
25012 4138
25013 4139
25024 4140
25029 4141
25033 4142
25037 4143
2504 4144
25050 4145
25056 4146
25066 4147
25070 4148
25076 4149
25080 4150
25084 4151
2509 4152
25093 4153
25098 4154
25099 4155
2510 4156
25108 4157
25113 4158
25115 4159
25116 4160
25117 4161
25125 4162
25128 4163
25135 4164
25140 4165
25142 4166
25152 4167
25161 4168
2517 4169
25171 4170
25178 4171
25196 4172
25200 4173
25204 4174
25209 4175
2521 4176
25212 4177
2522 4178
25227 4179
25234 4180
25236 4181
25239 4182
25245 4183
25253 4184
25255 4185
2526 4186
25261 4187
25264 4188
25268 4189
25279 4190
25281 4191
25282 4192
25285 4193
2529 4194
25291 4195
25294 4196
25297 4197
253 4198
25304 4199
25309 4200
2531 4201
25311 4202
25315 4203
25317 4204
25318 4205
2532 4206
25321 4207
25322 4208
25325 4209
25327 4210
25328 4211
2533 4212
25339 4213
25343 4214
25348 4215
2535 4216
25356 4217
2536 4218
25362 4219
25374 4220
25378 4221
25381 4222
25383 4223
25384 4224
25388 4225
2539 4226
25405 4227
25409 4228
25410 4229
25411 4230
25415 4231
25416 4232
25420 4233
25428 4234
25431 4235
25437 4236
25443 4237
25447 4238
25458 4239
25472 4240
25485 4241
25489 4242
25495 4243
25496 4244
25500 4245
25502 4246
25503 4247
25504 4248
25508 4249
25509 4250
25512 4251
25514 4252
25515 4253
25517 4254
25522 4255
25529 4256
25533 4257
25534 4258
25537 4259
25539 4260
25543 4261
25548 4262
25549 4263
2555 4264
25551 4265
2556 4266
25562 4267
25564 4268
25565 4269
2557 4270
25572 4271
25576 4272
25581 4273
25584 4274
25594 4275
25597 4276
256 4277
25606 4278
25609 4279
25614 4280
2562 4281
25623 4282
25632 4283
25633 4284
2564 4285
25645 4286
25652 4287
25653 4288
25659 4289
25666 4290
25667 4291
25669 4292
25674 4293
25678 4294
25679 4295
2568 4296
25680 4297
25681 4298
25689 4299
25692 4300
257 4301
25700 4302
25715 4303
25717 4304
25719 4305
25721 4306
25724 4307
25726 4308
25727 4309
25738 4310
25756 4311
2576 4312
25770 4313
25775 4314
25781 4315
25786 4316
25788 4317
2579 4318
25794 4319
25816 4320
25817 4321
25819 4322
25823 4323
25827 4324
25829 4325
2583 4326
25833 4327
25836 4328
25849 4329
25850 4330
25856 4331
2587 4332
25871 4333
25875 4334
25876 4335
25879 4336
25880 4337
25883 4338
25885 4339
25887 4340
25892 4341
25893 4342
25898 4343
25901 4344
25904 4345
25907 4346
25910 4347
25911 4348
25918 4349
25923 4350
25926 4351
25927 4352
25931 4353
25937 4354
25944 4355
25953 4356
25954 4357
25963 4358
25965 4359
25966 4360
25969 4361
25970 4362
25976 4363
25978 4364
25987 4365
25991 4366
25992 4367
25997 4368
25999 4369
260 4370
26001 4371
26006 4372
26007 4373
2601 4374
26023 4375
26027 4376
26031 4377
26034 4378
26038 4379
26042 4380
2606 4381
26061 4382
26063 4383
26065 4384
26066 4385
2607 4386
26071 4387
26073 4388
26089 4389
26093 4390
26095 4391
26096 4392
26098 4393
261 4394
2610 4395
26103 4396
26105 4397
26109 4398
26112 4399
26127 4400
26129 4401
2613 4402
26131 4403
2614 4404
26140 4405
26142 4406
26143 4407
26146 4408
26148 4409
26149 4410
2615 4411
26153 4412
26154 4413
26164 4414
26169 4415
2617 4416
26172 4417
26176 4418
26178 4419
2618 4420
26180 4421
26182 4422
2619 4423
26191 4424
26200 4425
26202 4426
26213 4427
26220 4428
26224 4429
26226 4430
26233 4431
26238 4432
26246 4433
26254 4434
26262 4435
26263 4436
26265 4437
26272 4438
26282 4439
26288 4440
26289 4441
26290 4442
26291 4443
26292 4444
26297 4445
26299 4446
263 4447
26307 4448
2631 4449
26318 4450
2632 4451
26320 4452
26323 4453
26325 4454
26326 4455
26329 4456
26330 4457
26331 4458
26333 4459
2634 4460
26342 4461
26347 4462
26355 4463
26358 4464
26359 4465
26363 4466
26364 4467
26370 4468
26379 4469
2638 4470
26380 4471
26384 4472
26389 4473
2640 4474
26400 4475
26420 4476
26426 4477
26428 4478
26430 4479
26434 4480
26435 4481
26437 4482
26440 4483
26449 4484
26451 4485
26452 4486
26453 4487
26454 4488
26455 4489
26460 4490
26462 4491
26472 4492
26473 4493
26474 4494
26479 4495
2648 4496
26482 4497
26485 4498
26486 4499
26489 4500
26502 4501
26503 4502
26513 4503
26517 4504
2652 4505
2653 4506
26530 4507
26531 4508
26532 4509
26533 4510
26543 4511
26547 4512
2656 4513
26562 4514
26568 4515
2657 4516
26583 4517
26585 4518
26586 4519
26587 4520
26589 4521
2659 4522
26590 4523
26591 4524
26592 4525
26596 4526
26597 4527
2660 4528
26602 4529
26609 4530
26612 4531
26621 4532
2664 4533
26641 4534
26642 4535
26644 4536
26647 4537
26657 4538
26666 4539
26678 4540
26680 4541
26695 4542
267 4543
26700 4544
26707 4545
26709 4546
26713 4547
26717 4548
2672 4549
26721 4550
26723 4551
2673 4552
26746 4553
26747 4554
26750 4555
26758 4556
26759 4557
2677 4558
26772 4559
26777 4560
26782 4561
26784 4562
26788 4563
26789 4564
2679 4565
26792 4566
26799 4567
268 4568
2680 4569
26801 4570
26804 4571
26808 4572
26812 4573
26829 4574
26833 4575
26834 4576
26840 4577
26842 4578
26843 4579
2686 4580
26864 4581
26865 4582
26869 4583
2687 4584
26871 4585
2688 4586
26887 4587
26900 4588
26903 4589
26910 4590
26911 4591
26920 4592
26922 4593
26927 4594
26932 4595
26935 4596
26938 4597
26941 4598
26950 4599
26953 4600
2697 4601
26970 4602
26973 4603
26976 4604
2698 4605
26986 4606
2699 4607
26992 4608
27000 4609
27003 4610
2701 4611
27011 4612
27018 4613
27021 4614
27023 4615
27028 4616
27046 4617
27056 4618
27072 4619
27079 4620
27081 4621
27082 4622
27084 4623
27089 4624
27091 4625
27092 4626
27096 4627
271 4628
27102 4629
27104 4630
27105 4631
27113 4632
27117 4633
2712 4634
27124 4635
27128 4636
27129 4637
27135 4638
27137 4639
27140 4640
27148 4641
27149 4642
2715 4643
27158 4644
2716 4645
27162 4646
27165 4647
27168 4648
2717 4649
27173 4650
27174 4651
27182 4652
27185 4653
27189 4654
2719 4655
27193 4656
272 4657
27204 4658
27211 4659
27213 4660
27217 4661
2722 4662
27228 4663
27231 4664
27239 4665
2724 4666
27243 4667
27246 4668
27247 4669
27250 4670
27251 4671
27270 4672
27273 4673
27276 4674
27284 4675
27287 4676
2729 4677
27290 4678
27295 4679
27301 4680
2731 4681
27313 4682
27314 4683
27316 4684
27317 4685
27324 4686
27330 4687
27341 4688
27343 4689
27348 4690
27353 4691
27355 4692
27357 4693
27358 4694
27364 4695
2737 4696
27373 4697
27378 4698
2738 4699
27384 4700
27387 4701
2739 4702
27391 4703
27394 4704
27399 4705
27404 4706
27405 4707
27407 4708
27410 4709
27414 4710
27417 4711
27422 4712
27437 4713
2744 4714
27448 4715
27449 4716
27450 4717
27454 4718
27459 4719
27477 4720
27478 4721
27480 4722
27481 4723
2749 4724
27491 4725
27516 4726
27528 4727
2753 4728
27535 4729
27536 4730
2754 4731
27544 4732
2755 4733
27551 4734
27553 4735
27558 4736
27573 4737
2758 4738
27582 4739
27592 4740
27593 4741
27594 4742
276 4743
2760 4744
27607 4745
27608 4746
27611 4747
27613 4748
27615 4749
2762 4750
27624 4751
27627 4752
27629 4753
27631 4754
27635 4755
27636 4756
27645 4757
27646 4758
27656 4759
27660 4760
27663 4761
27668 4762
27669 4763
27672 4764
27673 4765
27675 4766
2768 4767
27686 4768
27688 4769
2769 4770
27701 4771
27702 4772
27708 4773
27718 4774
2773 4775
27738 4776
27746 4777
27749 4778
2775 4779
27754 4780
27758 4781
2776 4782
27761 4783
27762 4784
27768 4785
27773 4786
27774 4787
27776 4788
27778 4789
2778 4790
27784 4791
27788 4792
27789 4793
27798 4794
27811 4795
27812 4796
2782 4797
27824 4798
27829 4799
2783 4800
27835 4801
27838 4802
27841 4803
27846 4804
27847 4805
27849 4806
2785 4807
27873 4808
27876 4809
27877 4810
27878 4811
2788 4812
27888 4813
27891 4814
27892 4815
27897 4816
2790 4817
27902 4818
27907 4819
27914 4820
27916 4821
27920 4822
27921 4823
27929 4824
27935 4825
27942 4826
27947 4827
27953 4828
27957 4829
2796 4830
27963 4831
27965 4832
2797 4833
27973 4834
27976 4835
2798 4836
27983 4837
27989 4838
2799 4839
27991 4840
27992 4841
27994 4842
27996 4843
27997 4844
27998 4845
27999 4846
28 4847
28003 4848
28005 4849
28008 4850
28009 4851
28012 4852
28017 4853
28026 4854
2803 4855
2804 4856
2805 4857
28055 4858
2806 4859
28075 4860
28076 4861
2809 4862
28097 4863
281 4864
28108 4865
28113 4866
28115 4867
28117 4868
2812 4869
28131 4870
2814 4871
28140 4872
28149 4873
28152 4874
28155 4875
28157 4876
28159 4877
2816 4878
28162 4879
2817 4880
28181 4881
28185 4882
28192 4883
28194 4884
28195 4885
28198 4886
282 4887
2820 4888
28203 4889
28207 4890
28208 4891
28209 4892
28218 4893
28219 4894
28221 4895
28232 4896
28252 4897
28254 4898
28255 4899
28256 4900
2826 4901
28266 4902
28277 4903
2828 4904
2829 4905
28290 4906
28294 4907
28296 4908
2830 4909
28302 4910
28308 4911
2832 4912
28331 4913
28338 4914
28339 4915
28351 4916
2836 4917
28366 4918
28367 4919
28371 4920
28375 4921
28376 4922
28377 4923
28379 4924
28380 4925
28384 4926
28386 4927
2839 4928
28391 4929
28393 4930
28394 4931
28399 4932
28401 4933
28404 4934
28412 4935
28417 4936
28420 4937
28423 4938
28425 4939
28428 4940
28435 4941
28442 4942
28448 4943
28449 4944
28452 4945
28454 4946
2847 4947
28470 4948
28473 4949
28485 4950
2849 4951
28498 4952
28501 4953
28519 4954
28520 4955
28525 4956
28530 4957
28545 4958
28548 4959
28549 4960
2855 4961
28553 4962
28555 4963
28556 4964
2857 4965
28575 4966
28577 4967
28581 4968
28584 4969
2859 4970
28600 4971
2861 4972
28619 4973
28628 4974
2863 4975
28633 4976
28635 4977
28638 4978
2864 4979
28642 4980
28648 4981
2865 4982
28652 4983
28656 4984
28667 4985
28669 4986
28673 4987
28674 4988
28679 4989
28680 4990
28681 4991
28684 4992
28686 4993
28687 4994
28689 4995
2869 4996
287 4997
2870 4998
28702 4999
28706 5000
28709 5001
2871 5002
28710 5003
28722 5004
2873 5005
28738 5006
28746 5007
28747 5008
28751 5009
28752 5010
28754 5011
28755 5012
2876 5013
28764 5014
28768 5015
28770 5016
28778 5017
2878 5018
28780 5019
28787 5020
28797 5021
28798 5022
28799 5023
288 5024
2880 5025
2881 5026
28814 5027
2883 5028
28837 5029
28843 5030
28851 5031
28856 5032
28857 5033
2886 5034
28865 5035
28866 5036
28867 5037
2888 5038
28880 5039
28885 5040
28886 5041
28889 5042
28890 5043
289 5044
28903 5045
28906 5046
28918 5047
2892 5048
28923 5049
28925 5050
2893 5051
28931 5052
28932 5053
28934 5054
2894 5055
28942 5056
28943 5057
28950 5058
28958 5059
28963 5060
28964 5061
2897 5062
2898 5063
28981 5064
28982 5065
28986 5066
28987 5067
29 5068
290 5069
29006 5070
29007 5071
29013 5072
29017 5073
2902 5074
29025 5075
29035 5076
29042 5077
29043 5078
29045 5079
29060 5080
29064 5081
2907 5082
29070 5083
29071 5084
29077 5085
2908 5086
29088 5087
29091 5088
29094 5089
29095 5090
29096 5091
2911 5092
29111 5093
2913 5094
2914 5095
29148 5096
2915 5097
29157 5098
29170 5099
29198 5100
292 5101
29202 5102
29203 5103
29205 5104
29212 5105
29213 5106
29214 5107
29221 5108
29226 5109
29232 5110
29238 5111
2924 5112
29241 5113
29248 5114
2925 5115
29250 5116
29252 5117
2926 5118
29261 5119
29272 5120
29275 5121
29278 5122
29280 5123
293 5124
29305 5125
29320 5126
29321 5127
29328 5128
29332 5129
29334 5130
29335 5131
2934 5132
29348 5133
29350 5134
29359 5135
29361 5136
29362 5137
29368 5138
29383 5139
29386 5140
29391 5141
29393 5142
294 5143
2940 5144
29407 5145
29408 5146
2942 5147
29420 5148
29421 5149
29422 5150
29433 5151
29439 5152
29446 5153
2945 5154
29450 5155
2946 5156
29461 5157
29463 5158
29468 5159
29473 5160
29476 5161
29479 5162
2948 5163
29486 5164
29491 5165
29502 5166
29510 5167
29520 5168
29521 5169
29524 5170
29528 5171
29541 5172
29543 5173
29547 5174
29549 5175
29550 5176
29554 5177
29557 5178
29558 5179
29559 5180
2956 5181
29560 5182
29561 5183
29563 5184
29573 5185
29575 5186
296 5187
29600 5188
29602 5189
29604 5190
2961 5191
29611 5192
29616 5193
29617 5194
29621 5195
29625 5196
29626 5197
29628 5198
29638 5199
29641 5200
29646 5201
29661 5202
29663 5203
29668 5204
2967 5205
29671 5206
29673 5207
29678 5208
2968 5209
29681 5210
29682 5211
29684 5212
29695 5213
29701 5214
2971 5215
2972 5216
29722 5217
29723 5218
29727 5219
2973 5220
29735 5221
29736 5222
2974 5223
29743 5224
29744 5225
29745 5226
29746 5227
29750 5228
29752 5229
29758 5230
29763 5231
2977 5232
29771 5233
29772 5234
29775 5235
29784 5236
29785 5237
29786 5238
29788 5239
2979 5240
29794 5241
29799 5242
298 5243
29805 5244
29808 5245
29815 5246
29822 5247
29826 5248
29829 5249
29833 5250
29840 5251
29847 5252
29856 5253
29871 5254
29877 5255
29885 5256
29886 5257
29899 5258
2990 5259
29906 5260
2991 5261
2992 5262
29920 5263
29923 5264
29924 5265
29931 5266
29947 5267
29949 5268
29951 5269
29958 5270
29962 5271
29977 5272
29987 5273
29999 5274
30 5275
30007 5276
3001 5277
30012 5278
30020 5279
30031 5280
30035 5281
30039 5282
3004 5283
30044 5284
30047 5285
3005 5286
30052 5287
30059 5288
30062 5289
30066 5290
30068 5291
30071 5292
3008 5293
30085 5294
30089 5295
30092 5296
30093 5297
30095 5298
30099 5299
301 5300
30101 5301
30110 5302
30121 5303
30144 5304
3015 5305
30154 5306
30155 5307
30162 5308
30164 5309
3017 5310
30172 5311
30173 5312
30174 5313
3018 5314
30186 5315
30188 5316
30196 5317
302 5318
30204 5319
30205 5320
30210 5321
30211 5322
30217 5323
30220 5324
30223 5325
30224 5326
30241 5327
30246 5328
30247 5329
30251 5330
30253 5331
30260 5332
30264 5333
30271 5334
30274 5335
30276 5336
30285 5337
30286 5338
30288 5339
30291 5340
30292 5341
30297 5342
30298 5343
30301 5344
30303 5345
30307 5346
30309 5347
30313 5348
3032 5349
30321 5350
30323 5351
30324 5352
30325 5353
30333 5354
30345 5355
30349 5356
3035 5357
30354 5358
30356 5359
30359 5360
30361 5361
30363 5362
30365 5363
30368 5364
30370 5365
30371 5366
30380 5367
30389 5368
30397 5369
30400 5370
30404 5371
3041 5372
30410 5373
30413 5374
3042 5375
30421 5376
30426 5377
3043 5378
30434 5379
30447 5380
30451 5381
30469 5382
3047 5383
30474 5384
3048 5385
30480 5386
30491 5387
3050 5388
30509 5389
3051 5390
30518 5391
3052 5392
30528 5393
3053 5394
30534 5395
3054 5396
30547 5397
3056 5398
30565 5399
30566 5400
30567 5401
30575 5402
30576 5403
30577 5404
3058 5405
30581 5406
3059 5407
30594 5408
30599 5409
30604 5410
30605 5411
30607 5412
30609 5413
30613 5414
30623 5415
30625 5416
30626 5417
30632 5418
30633 5419
30635 5420
3064 5421
30640 5422
30646 5423
3066 5424
30660 5425
30661 5426
30663 5427
30665 5428
30674 5429
30675 5430
30683 5431
3069 5432
30690 5433
30693 5434
307 5435
30701 5436
30704 5437
30707 5438
30721 5439
30726 5440
30729 5441
3073 5442
30734 5443
30737 5444
30738 5445
30739 5446
3074 5447
30740 5448
30742 5449
30750 5450
30751 5451
30766 5452
30767 5453
30769 5454
3077 5455
30771 5456
30773 5457
30779 5458
3078 5459
30790 5460
30793 5461
308 5462
30816 5463
30829 5464
30831 5465
30835 5466
30836 5467
30849 5468
3085 5469
30856 5470
30858 5471
30860 5472
30861 5473
30866 5474
30867 5475
30868 5476
30869 5477
3087 5478
30880 5479
30884 5480
309 5481
3090 5482
30917 5483
30919 5484
3092 5485
30920 5486
30923 5487
30924 5488
30926 5489
30928 5490
3093 5491
30934 5492
30942 5493
30946 5494
30947 5495
30948 5496
30954 5497
30957 5498
3096 5499
30965 5500
30974 5501
30976 5502
30992 5503
30993 5504
30994 5505
31 5506
31000 5507
31001 5508
31009 5509
31019 5510
31020 5511
31022 5512
31023 5513
31025 5514
31029 5515
3103 5516
31042 5517
3105 5518
31056 5519
31059 5520
31067 5521
31068 5522
31075 5523
31080 5524
3109 5525
31090 5526
31091 5527
31094 5528
31098 5529
3110 5530
31100 5531
31109 5532
31115 5533
31116 5534
3112 5535
31133 5536
31136 5537
31145 5538
31157 5539
31159 5540
31162 5541
31164 5542
31169 5543
3117 5544
31171 5545
31173 5546
31176 5547
31181 5548
31184 5549
31185 5550
3119 5551
312 5552
3120 5553
31205 5554
31207 5555
31223 5556
31235 5557
31243 5558
3125 5559
31256 5560
31258 5561
31261 5562
31262 5563
31269 5564
31273 5565
31276 5566
31296 5567
31298 5568
3130 5569
31304 5570
31310 5571
31316 5572
3132 5573
31335 5574
31347 5575
31351 5576
31364 5577
31368 5578
31372 5579
31379 5580
3138 5581
31387 5582
31390 5583
31394 5584
31400 5585
31410 5586
31425 5587
31445 5588
31449 5589
31453 5590
3146 5591
31466 5592
31475 5593
31479 5594
31480 5595
3149 5596
31494 5597
31506 5598
31509 5599
3151 5600
3152 5601
31523 5602
31526 5603
31536 5604
31537 5605
31542 5606
31544 5607
31547 5608
31561 5609
31567 5610
3157 5611
31572 5612
31577 5613
3158 5614
31582 5615
31586 5616
31588 5617
31589 5618
31594 5619
316 5620
3161 5621
31629 5622
3163 5623
31636 5624
3164 5625
31645 5626
3168 5627
3170 5628
3175 5629
3191 5630
3193 5631
3195 5632
3196 5633
3200 5634
3201 5635
3207 5636
3208 5637
321 5638
3210 5639
3212 5640
3216 5641
3219 5642
3223 5643
3225 5644
3227 5645
3228 5646
3229 5647
3230 5648
3240 5649
3242 5650
325 5651
3254 5652
3256 5653
3258 5654
3261 5655
3264 5656
3265 5657
3267 5658
3269 5659
327 5660
3271 5661
3273 5662
3279 5663
328 5664
3284 5665
3289 5666
329 5667
3290 5668
3291 5669
3297 5670
3298 5671
3299 5672
330 5673
3301 5674
3303 5675
3307 5676
3317 5677
3318 5678
332 5679
3322 5680
333 5681
3330 5682
3332 5683
3333 5684
3335 5685
3336 5686
3339 5687
334 5688
3340 5689
3348 5690
3350 5691
3352 5692
3354 5693
3356 5694
3361 5695
3363 5696
3364 5697
3368 5698
3370 5699
3375 5700
3382 5701
3384 5702
3387 5703
3389 5704
339 5705
3393 5706
3396 5707
3398 5708
3400 5709
3401 5710
3404 5711
3408 5712
341 5713
3410 5714
3416 5715
3417 5716
3418 5717
3419 5718
3420 5719
3422 5720
3424 5721
3427 5722
343 5723
3431 5724
3435 5725
3439 5726
3448 5727
345 5728
3452 5729
3453 5730
3457 5731
3459 5732
346 5733
3465 5734
3467 5735
3469 5736
3470 5737
3473 5738
3475 5739
3479 5740
348 5741
3482 5742
3483 5743
3485 5744
3487 5745
3493 5746
3494 5747
3497 5748
3505 5749
3510 5750
3511 5751
3518 5752
3519 5753
352 5754
3522 5755
3525 5756
3526 5757
3528 5758
3529 5759
353 5760
3532 5761
3534 5762
3535 5763
3537 5764
3539 5765
3540 5766
3544 5767
3547 5768
3548 5769
3549 5770
355 5771
3553 5772
3559 5773
3564 5774
3569 5775
357 5776
3572 5777
3574 5778
3575 5779
3578 5780
3579 5781
3580 5782
359 5783
3591 5784
3594 5785
3597 5786
3598 5787
360 5788
3601 5789
3603 5790
3612 5791
3613 5792
3616 5793
3617 5794
3620 5795
3621 5796
3626 5797
363 5798
3634 5799
364 5800
3643 5801
3646 5802
3655 5803
3658 5804
3659 5805
366 5806
3660 5807
3661 5808
3662 5809
3668 5810
3671 5811
3672 5812
3673 5813
3675 5814
3676 5815
3680 5816
3682 5817
3684 5818
3685 5819
3688 5820
3689 5821
3692 5822
3693 5823
3695 5824
3696 5825
37 5826
3700 5827
3702 5828
3706 5829
3708 5830
3717 5831
3718 5832
3719 5833
3720 5834
3723 5835
3724 5836
3727 5837
3729 5838
3731 5839
3740 5840
3745 5841
3748 5842
3749 5843
3753 5844
3755 5845
3756 5846
3757 5847
3765 5848
3770 5849
3771 5850
3777 5851
3779 5852
3782 5853
3786 5854
3789 5855
379 5856
3795 5857
3797 5858
38 5859
380 5860
3802 5861
3805 5862
3808 5863
381 5864
3817 5865
382 5866
3822 5867
3823 5868
3826 5869
3827 5870
3828 5871
3829 5872
383 5873
3835 5874
3839 5875
384 5876
3844 5877
3847 5878
3850 5879
3851 5880
3856 5881
3863 5882
3867 5883
3868 5884
3871 5885
3875 5886
3876 5887
3878 5888
388 5889
3881 5890
3885 5891
3889 5892
389 5893
3890 5894
3893 5895
3894 5896
3896 5897
3897 5898
3899 5899
390 5900
3900 5901
3906 5902
3907 5903
3909 5904
3914 5905
3915 5906
392 5907
3921 5908
3925 5909
3926 5910
3929 5911
3930 5912
3931 5913
3935 5914
3939 5915
394 5916
3940 5917
3941 5918
3944 5919
3948 5920
3949 5921
395 5922
3951 5923
3957 5924
396 5925
3965 5926
3966 5927
3967 5928
3973 5929
3974 5930
3975 5931
3977 5932
3986 5933
3988 5934
3995 5935
3997 5936
400 5937
4002 5938
4003 5939
4004 5940
4007 5941
4015 5942
4019 5943
402 5944
4021 5945
4023 5946
4026 5947
4027 5948
403 5949
4036 5950
4038 5951
404 5952
4044 5953
4047 5954
4048 5955
4049 5956
4056 5957
4057 5958
4058 5959
4064 5960
4065 5961
4066 5962
4068 5963
407 5964
4071 5965
4074 5966
4082 5967
409 5968
4090 5969
4094 5970
4096 5971
4097 5972
4103 5973
4107 5974
4111 5975
4114 5976
4117 5977
4119 5978
4122 5979
4123 5980
4125 5981
4126 5982
413 5983
4135 5984
4136 5985
4139 5986
4140 5987
4144 5988
4150 5989
4155 5990
416 5991
4160 5992
4161 5993
4169 5994
417 5995
4173 5996
4178 5997
4179 5998
4180 5999
4184 6000
4187 6001
4191 6002
4193 6003
4196 6004
4197 6005
4198 6006
4199 6007
42 6008
4200 6009
4201 6010
4202 6011
4203 6012
4209 6013
4210 6014
4215 6015
4218 6016
4221 6017
4229 6018
423 6019
4234 6020
4235 6021
4237 6022
4238 6023
4243 6024
4246 6025
4247 6026
4249 6027
4250 6028
4252 6029
4253 6030
4254 6031
4257 6032
426 6033
4261 6034
4262 6035
4263 6036
4264 6037
4265 6038
4267 6039
4268 6040
4275 6041
4276 6042
4277 6043
4280 6044
4281 6045
4288 6046
4289 6047
429 6048
4293 6049
4294 6050
4296 6051
4297 6052
4298 6053
43 6054
4303 6055
4304 6056
4306 6057
4309 6058
4311 6059
4313 6060
4315 6061
4316 6062
4318 6063
432 6064
4320 6065
4324 6066
4328 6067
433 6068
4335 6069
4337 6070
4338 6071
4345 6072
4350 6073
4354 6074
4356 6075
4357 6076
4359 6077
436 6078
4360 6079
4361 6080
4363 6081
4366 6082
4367 6083
4369 6084
4370 6085
4374 6086
4379 6087
438 6088
4382 6089
4386 6090
4389 6091
4390 6092
4391 6093
4393 6094
4397 6095
4399 6096
4400 6097
4405 6098
4411 6099
4413 6100
4414 6101
4415 6102
4419 6103
4420 6104
4423 6105
4424 6106
4425 6107
4429 6108
4431 6109
4437 6110
4438 6111
444 6112
4444 6113
4447 6114
4448 6115
4449 6116
4451 6117
4453 6118
4454 6119
4458 6120
4459 6121
4463 6122
4468 6123
4469 6124
4470 6125
4471 6126
4472 6127
4479 6128
4482 6129
4485 6130
4487 6131
4492 6132
4493 6133
4494 6134
4495 6135
4496 6136
4498 6137
4499 6138
45 6139
4502 6140
4503 6141
4504 6142
4505 6143
4508 6144
4510 6145
4511 6146
4512 6147
4513 6148
4514 6149
4518 6150
4520 6151
4522 6152
4528 6153
4532 6154
4533 6155
4535 6156
4539 6157
454 6158
4543 6159
4547 6160
4549 6161
455 6162
4550 6163
4551 6164
4554 6165
4555 6166
4556 6167
4560 6168
4561 6169
4564 6170
4567 6171
4569 6172
4571 6173
4573 6174
4577 6175
4578 6176
4582 6177
4583 6178
4586 6179
4589 6180
4591 6181
4593 6182
4596 6183
4597 6184
46 6185
4605 6186
4607 6187
4610 6188
4612 6189
4613 6190
4614 6191
4618 6192
4620 6193
4622 6194
4623 6195
4625 6196
4628 6197
4629 6198
4630 6199
4631 6200
4636 6201
4637 6202
4639 6203
464 6204
4641 6205
4643 6206
4649 6207
4652 6208
4653 6209
4656 6210
4658 6211
4659 6212
4660 6213
4665 6214
4666 6215
4676 6216
468 6217
4681 6218
4684 6219
4685 6220
4687 6221
4690 6222
4694 6223
4695 6224
4696 6225
47 6226
470 6227
4705 6228
4706 6229
4707 6230
4711 6231
4712 6232
4720 6233
4727 6234
4728 6235
473 6236
4732 6237
4735 6238
4737 6239
474 6240
4741 6241
4742 6242
4744 6243
4749 6244
4750 6245
4755 6246
4758 6247
476 6248
4760 6249
4765 6250
4766 6251
4767 6252
4769 6253
4777 6254
4779 6255
4781 6256
4782 6257
4790 6258
4791 6259
4792 6260
4805 6261
4806 6262
4807 6263
4808 6264
4810 6265
4813 6266
4814 6267
4815 6268
4816 6269
4824 6270
4825 6271
4829 6272
4831 6273
4837 6274
484 6275
4840 6276
4841 6277
4849 6278
4852 6279
4857 6280
4861 6281
4862 6282
4867 6283
4869 6284
487 6285
4870 6286
4872 6287
4873 6288
4874 6289
4876 6290
4877 6291
488 6292
4880 6293
4881 6294
4882 6295
4883 6296
4891 6297
4893 6298
4896 6299
4898 6300
4904 6301
4909 6302
4910 6303
4912 6304
4913 6305
4915 6306
4917 6307
4920 6308
4923 6309
4925 6310
4926 6311
4927 6312
4934 6313
4936 6314
4939 6315
4940 6316
4942 6317
4944 6318
4946 6319
4947 6320
4949 6321
4952 6322
4953 6323
4954 6324
4955 6325
4958 6326
496 6327
4961 6328
4962 6329
4963 6330
4970 6331
4972 6332
4976 6333
4981 6334
4982 6335
4984 6336
4986 6337
4991 6338
4992 6339
4994 6340
4996 6341
5000 6342
5003 6343
5006 6344
5009 6345
5013 6346
5015 6347
5016 6348
5017 6349
5018 6350
5024 6351
5025 6352
5027 6353
5029 6354
5031 6355
5040 6356
5048 6357
5051 6358
5053 6359
5054 6360
5055 6361
5056 6362
5060 6363
5061 6364
5063 6365
5068 6366
507 6367
5072 6368
5077 6369
5078 6370
5079 6371
5080 6372
5083 6373
5084 6374
5085 6375
5094 6376
51 6377
5100 6378
5101 6379
5104 6380
5106 6381
5107 6382
5113 6383
5115 6384
5116 6385
5119 6386
5121 6387
5122 6388
5123 6389
5129 6390
513 6391
5130 6392
5134 6393
5135 6394
5136 6395
5137 6396
514 6397
5143 6398
5144 6399
5149 6400
5150 6401
5151 6402
5153 6403
5155 6404
5156 6405
5157 6406
5166 6407
517 6408
5171 6409
5174 6410
5175 6411
5177 6412
5178 6413
518 6414
5186 6415
5195 6416
5196 6417
5208 6418
521 6419
5212 6420
5214 6421
5216 6422
5217 6423
5222 6424
5223 6425
5224 6426
5226 6427
5228 6428
5229 6429
523 6430
5233 6431
5234 6432
524 6433
5245 6434
5246 6435
5248 6436
525 6437
5250 6438
5251 6439
5253 6440
5254 6441
5257 6442
526 6443
5261 6444
5263 6445
5268 6446
527 6447
5271 6448
5272 6449
5273 6450
5277 6451
5278 6452
5279 6453
5283 6454
5284 6455
5285 6456
5287 6457
5295 6458
530 6459
5301 6460
5302 6461
5308 6462
531 6463
5313 6464
532 6465
5325 6466
5326 6467
5327 6468
5336 6469
5337 6470
5339 6471
534 6472
5342 6473
5343 6474
5349 6475
535 6476
5360 6477
5361 6478
5364 6479
537 6480
5370 6481
5373 6482
5375 6483
5377 6484
5379 6485
5381 6486
5390 6487
5393 6488
5397 6489
5399 6490
5404 6491
5408 6492
541 6493
5410 6494
5412 6495
5413 6496
5414 6497
5418 6498
5423 6499
5424 6500
5428 6501
5429 6502
5433 6503
5435 6504
5439 6505
5442 6506
5444 6507
5447 6508
5452 6509
5454 6510
5459 6511
546 6512
5460 6513
5465 6514
5468 6515
5473 6516
5474 6517
5477 6518
5478 6519
548 6520
5481 6521
5483 6522
5484 6523
5486 6524
5488 6525
549 6526
5494 6527
5498 6528
5499 6529
55 6530
5501 6531
5502 6532
5505 6533
5507 6534
551 6535
5513 6536
5525 6537
5530 6538
5531 6539
5532 6540
5536 6541
5537 6542
5538 6543
5540 6544
5542 6545
5545 6546
5549 6547
5550 6548
5555 6549
5558 6550
556 6551
5560 6552
5563 6553
5564 6554
5569 6555
557 6556
5571 6557
5578 6558
558 6559
5580 6560
5585 6561
5589 6562
5593 6563
5595 6564
56 6565
560 6566
5600 6567
5601 6568
5602 6569
5604 6570
5607 6571
5608 6572
5609 6573
5615 6574
5617 6575
5618 6576
5620 6577
5621 6578
5624 6579
5626 6580
5629 6581
5630 6582
5631 6583
5635 6584
5637 6585
564 6586
5643 6587
5644 6588
5645 6589
565 6590
5650 6591
5652 6592
5654 6593
5655 6594
5657 6595
566 6596
5668 6597
5673 6598
5674 6599
5675 6600
5676 6601
5677 6602
5679 6603
5682 6604
5684 6605
5688 6606
5689 6607
569 6608
5690 6609
5694 6610
5695 6611
5697 6612
5704 6613
571 6614
5710 6615
5712 6616
5721 6617
5725 6618
5727 6619
5728 6620
573 6621
5732 6622
5733 6623
5734 6624
5736 6625
574 6626
5741 6627
5743 6628
5745 6629
5749 6630
575 6631
5750 6632
5752 6633
5753 6634
5754 6635
5757 6636
5762 6637
5763 6638
5764 6639
5768 6640
5773 6641
5774 6642
5779 6643
578 6644
5786 6645
5787 6646
5789 6647
579 6648
5791 6649
5792 6650
5798 6651
5800 6652
5804 6653
5812 6654
5813 6655
5815 6656
5818 6657
5820 6658
5821 6659
5822 6660
5823 6661
5828 6662
583 6663
5835 6664
5837 6665
584 6666
5843 6667
5845 6668
5847 6669
5848 6670
5852 6671
5853 6672
5854 6673
5855 6674
5856 6675
5857 6676
5859 6677
5863 6678
5864 6679
5865 6680
5866 6681
5873 6682
5876 6683
5877 6684
5878 6685
5879 6686
5880 6687
5881 6688
5884 6689
5888 6690
5890 6691
5891 6692
590 6693
5901 6694
5911 6695
592 6696
5921 6697
5924 6698
5925 6699
5926 6700
5930 6701
5934 6702
5935 6703
5939 6704
5940 6705
5943 6706
5945 6707
5948 6708
5951 6709
5952 6710
596 6711
5960 6712
5961 6713
5962 6714
5965 6715
5966 6716
5967 6717
5969 6718
5975 6719
5976 6720
5978 6721
5979 6722
598 6723
5980 6724
5988 6725
5998 6726
5999 6727
6 6728
600 6729
6008 6730
601 6731
6014 6732
6015 6733
6019 6734
6022 6735
6023 6736
6024 6737
6026 6738
6030 6739
6038 6740
6039 6741
6041 6742
6042 6743
6046 6744
6049 6745
6052 6746
6055 6747
6057 6748
6059 6749
6060 6750
6062 6751
6067 6752
6069 6753
6072 6754
6074 6755
6076 6756
6077 6757
608 6758
6081 6759
6082 6760
6083 6761
6086 6762
6087 6763
6092 6764
6096 6765
61 6766
6100 6767
6102 6768
6107 6769
6108 6770
6109 6771
6111 6772
6114 6773
6116 6774
612 6775
6120 6776
6121 6777
6125 6778
6126 6779
6128 6780
6129 6781
613 6782
6132 6783
6136 6784
6141 6785
6146 6786
6150 6787
6155 6788
6160 6789
6161 6790
6162 6791
6163 6792
6164 6793
6168 6794
6173 6795
6177 6796
618 6797
6181 6798
6183 6799
6186 6800
6189 6801
619 6802
6192 6803
6195 6804
6199 6805
6200 6806
6201 6807
6202 6808
6205 6809
621 6810
6211 6811
6214 6812
6215 6813
6216 6814
6234 6815
6237 6816
6238 6817
6239 6818
6243 6819
625 6820
6253 6821
6255 6822
6257 6823
6258 6824
626 6825
6260 6826
6265 6827
6266 6828
6267 6829
6269 6830
6271 6831
6274 6832
6275 6833
6277 6834
6278 6835
6279 6836
6281 6837
6283 6838
6285 6839
6288 6840
6289 6841
6290 6842
6293 6843
6294 6844
6295 6845
6296 6846
6297 6847
6302 6848
6304 6849
6306 6850
6307 6851
6311 6852
6314 6853
6319 6854
6320 6855
633 6856
6336 6857
6339 6858
6343 6859
6344 6860
6348 6861
6350 6862
6355 6863
6356 6864
6358 6865
6360 6866
6362 6867
637 6868
6372 6869
6375 6870
6382 6871
6383 6872
6385 6873
6389 6874
6393 6875
6395 6876
6397 6877
6398 6878
6399 6879
64 6880
6402 6881
6404 6882
6405 6883
6417 6884
6418 6885
6421 6886
6425 6887
6426 6888
6428 6889
6429 6890
6432 6891
6435 6892
6436 6893
6437 6894
6439 6895
644 6896
6442 6897
6444 6898
6446 6899
6451 6900
6455 6901
6458 6902
6465 6903
6467 6904
647 6905
6472 6906
6474 6907
6475 6908
6482 6909
6483 6910
6487 6911
6488 6912
6489 6913
6490 6914
6491 6915
6492 6916
6494 6917
6496 6918
6497 6919
65 6920
6501 6921
6505 6922
6509 6923
651 6924
6513 6925
6514 6926
6515 6927
6516 6928
6523 6929
6531 6930
6533 6931
6535 6932
6539 6933
6541 6934
6543 6935
6545 6936
6550 6937
6552 6938
6561 6939
6566 6940
6568 6941
657 6942
6575 6943
6578 6944
6579 6945
6580 6946
6582 6947
6585 6948
6588 6949
659 6950
6590 6951
6592 6952
6599 6953
66 6954
660 6955
6600 6956
6607 6957
6608 6958
6609 6959
6611 6960
6618 6961
662 6962
6622 6963
6625 6964
6628 6965
6629 6966
664 6967
6643 6968
6644 6969
6645 6970
6648 6971
6649 6972
665 6973
6651 6974
6657 6975
667 6976
6673 6977
6674 6978
6675 6979
6677 6980
6681 6981
6684 6982
6686 6983
6688 6984
6690 6985
6694 6986
6695 6987
6696 6988
6698 6989
670 6990
6701 6991
6705 6992
6706 6993
6708 6994
6709 6995
6711 6996
6713 6997
6714 6998
6717 6999
6721 7000
6723 7001
6729 7002
673 7003
6731 7004
6734 7005
6735 7006
6736 7007
6737 7008
674 7009
6740 7010
6744 7011
6748 7012
675 7013
6751 7014
6754 7015
6755 7016
6756 7017
6759 7018
6763 7019
6767 7020
677 7021
6770 7022
6779 7023
6784 7024
6791 7025
6792 7026
6793 7027
6795 7028
6796 7029
680 7030
6800 7031
6802 7032
6803 7033
6808 7034
6809 7035
6810 7036
6811 7037
6814 7038
6816 7039
6817 7040
6819 7041
6820 7042
6825 7043
6827 7044
6828 7045
6829 7046
683 7047
6830 7048
6831 7049
6832 7050
6833 7051
6835 7052
6836 7053
6837 7054
6842 7055
6843 7056
6846 7057
6848 7058
685 7059
6853 7060
6854 7061
6855 7062
6856 7063
6859 7064
6860 7065
6861 7066
6862 7067
6865 7068
6866 7069
6869 7070
6870 7071
6875 7072
6876 7073
6878 7074
688 7075
6884 7076
6886 7077
689 7078
6895 7079
6896 7080
6898 7081
6905 7082
6908 7083
691 7084
6914 7085
6918 7086
6919 7087
6921 7088
6922 7089
6924 7090
6925 7091
6929 7092
6933 7093
6936 7094
694 7095
6948 7096
695 7097
6954 7098
6957 7099
696 7100
6964 7101
6966 7102
6974 7103
6977 7104
6978 7105
6979 7106
6983 7107
6985 7108
6987 7109
699 7110
6990 7111
6993 7112
6998 7113
6999 7114
7000 7115
7005 7116
7008 7117
701 7118
7012 7119
7013 7120
7015 7121
7018 7122
702 7123
7024 7124
7025 7125
7026 7126
7033 7127
7041 7128
7044 7129
7054 7130
7055 7131
7059 7132
7060 7133
7061 7134
7062 7135
7067 7136
707 7137
7072 7138
7073 7139
7079 7140
7080 7141
7087 7142
7091 7143
7094 7144
7098 7145
71 7146
7102 7147
7104 7148
711 7149
7110 7150
712 7151
7124 7152
7125 7153
7128 7154
713 7155
7135 7156
7136 7157
7137 7158
714 7159
7141 7160
7144 7161
715 7162
7157 7163
7160 7164
7164 7165
7167 7166
7168 7167
717 7168
7171 7169
7185 7170
7186 7171
7190 7172
7193 7173
7196 7174
720 7175
7207 7176
7208 7177
7214 7178
7219 7179
722 7180
7223 7181
7225 7182
7227 7183
7228 7184
723 7185
7232 7186
7233 7187
7234 7188
7238 7189
724 7190
7245 7191
7248 7192
7249 7193
725 7194
7251 7195
7253 7196
7254 7197
7256 7198
7257 7199
726 7200
7260 7201
7262 7202
7265 7203
7279 7204
7289 7205
7290 7206
7293 7207
7296 7208
73 7209
7300 7210
7304 7211
7306 7212
7307 7213
7308 7214
7314 7215
732 7216
7321 7217
7322 7218
7325 7219
7326 7220
7333 7221
7334 7222
7335 7223
7338 7224
7339 7225
734 7226
7341 7227
7343 7228
7347 7229
735 7230
7354 7231
7357 7232
7358 7233
736 7234
7366 7235
737 7236
7370 7237
7371 7238
7372 7239
7373 7240
7378 7241
7382 7242
7383 7243
7385 7244
7386 7245
7388 7246
7389 7247
739 7248
7390 7249
7396 7250
74 7251
740 7252
7408 7253
7410 7254
7413 7255
7418 7256
7419 7257
7421 7258
7422 7259
7425 7260
7427 7261
7438 7262
7439 7263
744 7264
7442 7265
7445 7266
7446 7267
7448 7268
7453 7269
7455 7270
7457 7271
7458 7272
7459 7273
7460 7274
7463 7275
7465 7276
7466 7277
7469 7278
7471 7279
7474 7280
7476 7281
7477 7282
7478 7283
7482 7284
7484 7285
7486 7286
7492 7287
7493 7288
7494 7289
7497 7290
7501 7291
7504 7292
7513 7293
7515 7294
7516 7295
7517 7296
7529 7297
753 7298
7541 7299
7546 7300
7547 7301
7549 7302
7551 7303
7555 7304
7556 7305
7558 7306
7560 7307
7577 7308
7580 7309
7581 7310
7585 7311
7587 7312
7591 7313
7595 7314
7596 7315
7597 7316
760 7317
7600 7318
761 7319
7617 7320
762 7321
7620 7322
7625 7323
7637 7324
7639 7325
764 7326
7643 7327
7647 7328
7648 7329
7652 7330
7654 7331
7655 7332
7656 7333
766 7334
7661 7335
7665 7336
7667 7337
7668 7338
767 7339
7672 7340
768 7341
769 7342
7693 7343
7695 7344
770 7345
7704 7346
7706 7347
7707 7348
771 7349
7716 7350
7718 7351
772 7352
7726 7353
773 7354
7734 7355
7739 7356
7743 7357
7744 7358
7748 7359
775 7360
7751 7361
7752 7362
7753 7363
7754 7364
7755 7365
7757 7366
7759 7367
776 7368
7762 7369
7766 7370
7768 7371
7769 7372
7773 7373
7775 7374
7778 7375
778 7376
7783 7377
7789 7378
779 7379
7791 7380
7798 7381
7799 7382
7803 7383
7804 7384
7806 7385
7807 7386
7808 7387
781 7388
7810 7389
7812 7390
7814 7391
7820 7392
7823 7393
7824 7394
7826 7395
783 7396
7831 7397
7832 7398
7836 7399
7837 7400
7843 7401
7847 7402
7849 7403
785 7404
7857 7405
7859 7406
7860 7407
7861 7408
7863 7409
7867 7410
7872 7411
7873 7412
7878 7413
788 7414
7882 7415
7887 7416
7888 7417
7890 7418
7891 7419
7892 7420
7893 7421
7894 7422
7895 7423
79 7424
7903 7425
7910 7426
7912 7427
7913 7428
7929 7429
7930 7430
7933 7431
7937 7432
794 7433
7940 7434
7941 7435
7942 7436
7944 7437
7945 7438
7949 7439
7950 7440
7951 7441
7959 7442
796 7443
7966 7444
7967 7445
7968 7446
7971 7447
7975 7448
7976 7449
7977 7450
798 7451
7983 7452
7984 7453
7986 7454
7987 7455
7988 7456
799 7457
7990 7458
7991 7459
7992 7460
7994 7461
7995 7462
8 7463
80 7464
8007 7465
8009 7466
8015 7467
8019 7468
8022 7469
8024 7470
8029 7471
8031 7472
8039 7473
804 7474
8042 7475
805 7476
8057 7477
806 7478
8061 7479
8064 7480
8067 7481
8070 7482
8072 7483
8078 7484
8079 7485
8088 7486
8090 7487
8096 7488
8097 7489
8099 7490
8100 7491
8101 7492
8105 7493
8110 7494
8115 7495
8126 7496
8131 7497
8136 7498
8138 7499
8139 7500
8141 7501
8142 7502
8143 7503
8151 7504
8153 7505
8156 7506
8158 7507
8159 7508
8160 7509
8162 7510
817 7511
8170 7512
8177 7513
8179 7514
818 7515
8182 7516
8183 7517
8184 7518
8186 7519
8193 7520
8194 7521
8198 7522
82 7523
820 7524
8206 7525
8208 7526
8213 7527
8215 7528
8219 7529
8224 7530
8225 7531
8226 7532
8229 7533
823 7534
8235 7535
824 7536
8263 7537
8275 7538
8277 7539
8278 7540
8281 7541
8282 7542
8285 7543
829 7544
8292 7545
8296 7546
8297 7547
8302 7548
8306 7549
8311 7550
8312 7551
8315 7552
8318 7553
832 7554
8320 7555
8322 7556
8326 7557
8327 7558
8332 7559
8336 7560
8339 7561
834 7562
8340 7563
8347 7564
8355 7565
8356 7566
8357 7567
8358 7568
8366 7569
8369 7570
8371 7571
8372 7572
8375 7573
8376 7574
8379 7575
8380 7576
8382 7577
8383 7578
8393 7579
8395 7580
8398 7581
8399 7582
84 7583
8407 7584
8410 7585
8413 7586
8414 7587
8415 7588
8419 7589
842 7590
8426 7591
8431 7592
8434 7593
8441 7594
8443 7595
8444 7596
8448 7597
845 7598
8458 7599
8463 7600
8464 7601
847 7602
8471 7603
848 7604
8480 7605
8481 7606
8482 7607
8484 7608
8485 7609
8489 7610
849 7611
8491 7612
8494 7613
8496 7614
8497 7615
8498 7616
85 7617
850 7618
8501 7619
8502 7620
8508 7621
8511 7622
8514 7623
8516 7624
8522 7625
8529 7626
8533 7627
8534 7628
8540 7629
8542 7630
8548 7631
8553 7632
8556 7633
8557 7634
8559 7635
856 7636
8562 7637
8563 7638
8567 7639
8569 7640
8583 7641
8584 7642
8585 7643
8586 7644
8590 7645
8591 7646
8593 7647
8599 7648
86 7649
8607 7650
8608 7651
8609 7652
861 7653
8616 7654
862 7655
8620 7656
8623 7657
8625 7658
8628 7659
8630 7660
8632 7661
8634 7662
8639 7663
8642 7664
8644 7665
8646 7666
8647 7667
865 7668
8651 7669
8656 7670
8659 7671
8662 7672
8664 7673
8667 7674
867 7675
8671 7676
8677 7677
8680 7678
8682 7679
8683 7680
8685 7681
8687 7682
869 7683
8691 7684
87 7685
870 7686
8705 7687
8707 7688
8708 7689
8717 7690
8719 7691
8722 7692
8724 7693
873 7694
8730 7695
8737 7696
8738 7697
8743 7698
8746 7699
8748 7700
8749 7701
8750 7702
8753 7703
8755 7704
8757 7705
8759 7706
8762 7707
8765 7708
8767 7709
8773 7710
8774 7711
8783 7712
8785 7713
8786 7714
8787 7715
879 7716
8790 7717
8792 7718
8797 7719
8799 7720
880 7721
8801 7722
8802 7723
8803 7724
8808 7725
881 7726
8817 7727
8823 7728
8825 7729
8826 7730
8827 7731
8829 7732
8831 7733
8835 7734
8838 7735
8841 7736
8845 7737
8846 7738
8847 7739
8849 7740
885 7741
8854 7742
8857 7743
8859 7744
8865 7745
8867 7746
8869 7747
8873 7748
8875 7749
8876 7750
8881 7751
8886 7752
8887 7753
8897 7754
8898 7755
8904 7756
8908 7757
891 7758
8911 7759
8913 7760
8917 7761
892 7762
8922 7763
8923 7764
8926 7765
8927 7766
8928 7767
8932 7768
8939 7769
8945 7770
8948 7771
895 7772
8950 7773
8953 7774
8957 7775
8958 7776
896 7777
8966 7778
8967 7779
8974 7780
8975 7781
8987 7782
8991 7783
8996 7784
8999 7785
900 7786
9000 7787
9001 7788
9006 7789
9016 7790
902 7791
9020 7792
9022 7793
9023 7794
9026 7795
9029 7796
9030 7797
9033 7798
9034 7799
9035 7800
9039 7801
9040 7802
9044 7803
9046 7804
9058 7805
9064 7806
9066 7807
9067 7808
9069 7809
907 7810
9070 7811
9071 7812
9072 7813
9073 7814
9074 7815
9075 7816
9079 7817
9080 7818
9082 7819
9085 7820
909 7821
9091 7822
9092 7823
9093 7824
9094 7825
9095 7826
9096 7827
9098 7828
9099 7829
910 7830
9107 7831
9108 7832
9110 7833
9114 7834
9115 7835
9117 7836
9119 7837
912 7838
9122 7839
9123 7840
9125 7841
9127 7842
9132 7843
9133 7844
9134 7845
9135 7846
9137 7847
9138 7848
9139 7849
914 7850
9141 7851
9147 7852
9155 7853
9156 7854
9157 7855
9158 7856
9175 7857
9176 7858
9180 7859
9181 7860
9182 7861
9183 7862
9184 7863
9191 7864
9194 7865
9196 7866
9199 7867
92 7868
9208 7869
921 7870
9213 7871
9215 7872
9216 7873
922 7874
9228 7875
923 7876
9230 7877
9231 7878
9233 7879
9238 7880
924 7881
9243 7882
9244 7883
9246 7884
9249 7885
925 7886
9253 7887
9259 7888
926 7889
9261 7890
9268 7891
9271 7892
9274 7893
9276 7894
9280 7895
9288 7896
9290 7897
9292 7898
9293 7899
9296 7900
9300 7901
9303 7902
9306 7903
9316 7904
9318 7905
9319 7906
9321 7907
9323 7908
9325 7909
9328 7910
9329 7911
933 7912
9330 7913
9331 7914
9334 7915
9342 7916
9343 7917
9346 7918
935 7919
9350 7920
9351 7921
9352 7922
9354 7923
9355 7924
9361 7925
9363 7926
9366 7927
9369 7928
9371 7929
9373 7930
938 7931
9389 7932
9391 7933
9395 7934
94 7935
9402 7936
9403 7937
9405 7938
941 7939
9412 7940
9418 7941
9419 7942
942 7943
9420 7944
9421 7945
9422 7946
9430 7947
9433 7948
9445 7949
945 7950
9457 7951
946 7952
9460 7953
9463 7954
9465 7955
947 7956
9473 7957
9474 7958
9479 7959
948 7960
9480 7961
9483 7962
9484 7963
9487 7964
9488 7965
949 7966
9493 7967
9497 7968
9498 7969
95 7970
950 7971
9503 7972
9508 7973
9512 7974
9518 7975
952 7976
9526 7977
9529 7978
9533 7979
954 7980
9543 7981
9549 7982
9550 7983
9560 7984
9561 7985
9563 7986
9570 7987
9573 7988
9578 7989
9579 7990
958 7991
9580 7992
9583 7993
9587 7994
959 7995
9597 7996
960 7997
9604 7998
9616 7999
962 8000
9620 8001
9622 8002
9625 8003
9627 8004
963 8005
9634 8006
9635 8007
9636 8008
964 8009
9643 8010
9644 8011
9648 8012
9650 8013
9652 8014
9653 8015
9654 8016
9660 8017
9661 8018
9662 8019
9663 8020
9664 8021
9669 8022
967 8023
9672 8024
9674 8025
9683 8026
9684 8027
9686 8028
9688 8029
9689 8030
9693 8031
9694 8032
97 8033
9708 8034
9711 8035
9714 8036
9717 8037
972 8038
9720 8039
9721 8040
9723 8041
9730 8042
9736 8043
974 8044
9742 8045
9743 8046
9745 8047
9749 8048
975 8049
9752 8050
9753 8051
9758 8052
976 8053
9763 8054
9769 8055
9772 8056
9777 8057
978 8058
9781 8059
9786 8060
9791 8061
98 8062
980 8063
9800 8064
9803 8065
9809 8066
981 8067
9813 8068
9817 8069
9829 8070
9830 8071
9831 8072
9834 8073
9835 8074
9839 8075
9840 8076
9844 8077
9845 8078
9846 8079
9847 8080
9851 8081
9853 8082
9854 8083
9856 8084
9859 8085
9865 8086
9866 8087
9867 8088
9870 8089
9880 8090
9883 8091
9886 8092
9889 8093
9890 8094
9899 8095
9900 8096
9901 8097
9902 8098
9904 8099
9908 8100
9909 8101
9914 8102
9915 8103
9919 8104
9921 8105
9923 8106
9924 8107
9925 8108
9927 8109
9929 8110
9931 8111
9936 8112
9939 8113
994 8114
9944 8115
9948 8116
9953 8117
9962 8118
9966 8119
9968 8120
9974 8121
9984 8122
9989 8123
999 8124
9990 8125
