org_id remap_id
858 0
593 1
2384 2
2019 3
1961 4
1419 5
3111 6
573 7
213 8
3505 9
1734 10
919 11
2503 12
912 13
527 14
649 15
1252 16
318 17
3289 18
759 19
608 20
2396 21
2858 22
2028 23
1649 24
326 25
17 26
34 27
2762 28
246 29
2692 30
1617 31
300 32
1392 33
1111 34
150 35
562 36
549 37
866 38
265 39
1537 40
448 41
1554 42
1358 43
2324 44
235 45
446 46
247 47
1094 48
1704 49
50 50
162 51
45 52
508 53
348 54
1089 55
589 56
58 57
1694 58
2580 59
1834 60
2391 61
290 62
357 63
1641 64
1225 65
541 66
1189 67
1299 68
2020 69
3067 70
1296 71
2512 72
3094 73
1217 74
3543 75
2859 76
1293 77
3424 78
1259 79
1231 80
1240 81
1300 82
1198 83
2349 84
1199 85
3361 86
1196 87
1036 88
3068 89
1307 90
1242 91
1288 92
1090 93
1394 94
2791 95
1097 96
1962 97
1185 98
1150 99
1975 100
3521 101
1960 102
3072 103
1200 104
3039 105
1285 106
1096 107
1079 108
2348 109
2070 110
2076 111
1374 112
2987 113
2312 114
1210 115
1376 116
2872 117
2716 118
3070 119
2150 120
1246 121
3101 122
1965 123
3422 124
2455 125
2750 126
1321 127
1305 128
2852 129
3342 130
1295 131
2739 132
2915 133
1291 134
3552 135
3449 136
2301 137
1127 138
592 139
1220 140
1663 141
2407 142
1124 143
2011 144
2100 145
2463 146
2989 147
2746 148
3016 149
2745 150
2286 151
2022 152
2369 153
2985 154
2802 155
3524 156
2134 157
2003 158
1991 159
1173 160
2641 161
2376 162
1587 163
2021 164
2111 165
2146 166
3388 167
2717 168
2751 169
2794 170
2378 171
1373 172
1974 173
2456 174
2411 175
2410 176
3017 177
2408 178
2471 179
1091 180
2241 181
2513 182
2402 183
2147 184
2421 185
3224 186
923 187
1228 188
3097 189
1248 190
904 191
3089 192
913 193
2357 194
260 195
3262 196
1193 197
750 198
908 199
1247 200
1237 201
910 202
111 203
1230 204
306 205
1208 206
1254 207
2863 208
2010 209
1276 210
1235 211
1219 212
1929 213
1213 214
2938 215
3201 216
1104 217
2599 218
1294 219
1136 220
1250 221
2289 222
296 223
1251 224
1952 225
1280 226
80 227
903 228
3134 229
2728 230
2624 231
3418 232
720 233
36 234
1172 235
924 236
1719 237
1945 238
1203 239
930 240
25 241
3359 242
1080 243
1 244
920 245
30 246
2648 247
3471 248
2664 249
1263 250
1278 251
334 252
899 253
978 254
916 255
2973 256
1635 257
2997 258
1206 259
1103 260
154 261
1041 262
3735 263
3683 264
1214 265
2612 266
2645 267
1449 268
3504 269
2303 270
3334 271
263 272
32 273
1283 274
1244 275
722 276
3108 277
1354 278
1966 279
1179 280
800 281
778 282
1265 283
2248 284
1633 285
1264 286
1253 287
994 288
29 289
2439 290
3547 291
2919 292
1222 293
2395 294
1954 295
1963 296
3095 297
1699 298
1249 299
2300 300
3083 301
2366 302
3819 303
1900 304
1188 305
1912 306
3703 307
1594 308
39 309
373 310
1674 311
535 312
1273 313
3751 314
495 315
1077 316
3168 317
3182 318
2575 319
3362 320
1212 321
3421 322
1258 323
1270 324
2068 325
1947 326
1211 327
2571 328
1333 329
953 330
2725 331
1673 332
457 333
3671 334
232 335
2917 336
1921 337
1784 338
282 339
2067 340
947 341
3088 342
3133 343
3022 344
2804 345
1269 346
2622 347
955 348
1028 349
3548 350
1197 351
951 352
1223 353
933 354
1066 355
907 356
2671 357
935 358
1304 359
3175 360
3035 361
1014 362
1078 363
3363 364
909 365
3396 366
2174 367
911 368
1934 369
945 370
471 371
3037 372
952 373
1125 374
915 375
3028 376
3545 377
2565 378
914 379
2087 380
1022 381
1282 382
900 383
918 384
364 385
1951 386
588 387
3549 388
963 389
2857 390
1380 391
107 392
1081 393
2083 394
2946 395
2096 396
1088 397
661 398
938 399
901 400
783 401
1083 402
2080 403
199 404
1416 405
48 406
1284 407
2206 408
1086 409
950 410
1964 411
2208 412
906 413
942 414
2414 415
1680 416
926 417
1148 418
922 419
1387 420
356 421
1882 422
1267 423
3508 424
702 425
3148 426
1221 427
2132 428
3006 429
3196 430
1207 431
3469 432
3468 433
1938 434
1949 435
2501 436
3270 437
3330 438
1233 439
1941 440
2890 441
1940 442
3051 443
3467 444
1950 445
1939 446
3526 447
3152 448
959 449
2238 450
1953 451
3147 452
3379 453
949 454
1956 455
928 456
2186 457
965 458
2176 459
2183 460
931 461
1344 462
3230 463
3204 464
2840 465
3044 466
47 467
2160 468
1610 469
1407 470
2353 471
1994 472
319 473
2178 474
3015 475
2118 476
1343 477
2181 478
1909 479
1732 480
1573 481
454 482
377 483
905 484
3114 485
1234 486
921 487
2239 488
2243 489
2361 490
898 491
837 492
3132 493
2064 494
2065 495
2529 496
2662 497
1301 498
2288 499
2287 500
198 501
1653 502
1584 503
2363 504
2640 505
1019 506
2527 507
1721 508
3438 509
2428 510
1883 511
2699 512
2683 513
2572 514
2492 515
2706 516
2826 517
2827 518
2707 519
2975 520
2694 521
2710 522
3285 523
2555 524
3005 525
2842 526
2770 527
2771 528
223 529
2433 530
2038 531
2759 532
2881 533
2722 534
3203 535
2541 536
2546 537
2772 538
1911 539
1093 540
2678 541
3408 542
2605 543
2828 544
2434 545
3113 546
2336 547
2757 548
2712 549
3159 550
2995 551
407 552
2676 553
2690 554
2333 555
2318 556
2719 557
785 558
2390 559
3160 560
2392 561
3008 562
2882 563
2713 564
2629 565
3354 566
2900 567
3053 568
2734 569
2805 570
968 571
1959 572
2490 573
2901 574
3219 575
2723 576
2502 577
3325 578
2581 579
2574 580
2758 581
3300 582
24 583
2598 584
2013 585
299 586
2906 587
43 588
2093 589
2560 590
2686 591
1513 592
3081 593
2841 594
2485 595
2491 596
3273 597
2700 598
2672 599
2702 600
3176 601
2715 602
2693 603
86 604
1623 605
2600 606
2701 607
2337 608
3125 609
3179 610
3329 611
461 612
2024 613
1413 614
745 615
1192 616
3149 617
1281 618
3307 619
28 620
3265 621
3128 622
2360 623
3462 624
3030 625
1348 626
2075 627
2972 628
2677 629
2609 630
1303 631
1412 632
3429 633
2732 634
3365 635
971 636
2660 637
3075 638
514 639
1885 640
2920 641
1931 642
1056 643
1132 644
1176 645
3447 646
176 647
1657 648
3551 649
1397 650
3052 651
2730 652
3090 653
2848 654
3461 655
599 656
1874 657
1504 658
1957 659
2971 660
961 661
3019 662
3364 663
293 664
2966 665
2441 666
695 667
1201 668
940 669
2644 670
2908 671
1340 672
2313 673
3150 674
308 675
2291 676
969 677
3498 678
3550 679
1797 680
2819 681
3499 682
2102 683
2130 684
3198 685
594 686
735 687
320 688
388 689
1272 690
2947 691
1827 692
3018 693
2926 694
3098 695
1582 696
1944 697
1914 698
3086 699
3267 700
2329 701
123 702
2729 703
2000 704
3104 705
1243 706
590 707
3210 708
151 709
339 710
3105 711
2871 712
110 713
1012 714
1171 715
1129 716
1261 717
680 718
2089 719
3169 720
1274 721
1289 722
2948 723
1187 724
2553 725
2944 726
2795 727
2321 728
1846 729
272 730
555 731
3071 732
999 733
2866 734
529 735
714 736
2085 737
862 738
731 739
1345 740
1292 741
2467 742
1297 743
3011 744
2943 745
948 746
2949 747
441 748
2104 749
628 750
2620 751
2159 752
892 753
2687 754
3308 755
341 756
2570 757
3246 758
2427 759
2018 760
2611 761
2797 762
1350 763
1500 764
2377 765
2401 766
475 767
367 768
337 769
551 770
440 771
3350 772
2359 773
596 774
515 775
2355 776
3060 777
188 778
3282 779
2874 780
480 781
1029 782
1955 783
534 784
2951 785
1729 786
497 787
1678 788
1907 789
428 790
2302 791
1332 792
943 793
2071 794
1357 795
1968 796
3501 797
2157 798
2867 799
2362 800
1393 801
1611 802
6 803
2472 804
345 805
1355 806
2237 807
1395 808
1215 809
2048 810
1735 811
474 812
1183 813
1730 814
2167 815
2155 816
281 817
2109 818
3260 819
531 820
3546 821
1643 822
1546 823
728 824
342 825
2736 826
2474 827
1639 828
2069 829
986 830
425 831
1099 832
3129 833
1226 834
3256 835
1216 836
803 837
2245 838
2442 839
2117 840
1408 841
1923 842
1625 843
1194 844
2025 845
1785 846
3496 847
1810 848
3029 849
571 850
1872 851
298 852
476 853
1809 854
2331 855
2916 856
2114 857
3535 858
2108 859
3412 860
993 861
3255 862
3397 863
230 864
205 865
1642 866
2282 867
1580 868
2542 869
11 870
1061 871
3296 872
1794 873
2081 874
2968 875
1465 876
3174 877
1370 878
183 879
1060 880
125 881
3481 882
2097 883
1057 884
2330 885
2077 886
1888 887
3448 888
1339 889
194 890
1399 891
1958 892
2697 893
280 894
3079 895
3112 896
2278 897
3099 898
2294 899
3507 900
3398 901
1017 902
3518 903
2454 904
1177 905
991 906
2747 907
2112 908
1120 909
2137 910
1268 911
1897 912
262 913
2001 914
366 915
1788 916
2144 917
1236 918
21 919
3370 920
3576 921
1286 922
1619 923
3100 924
3107 925
1427 926
1476 927
1722 928
1916 929
574 930
261 931
190 932
241 933
2470 934
1135 935
2419 936
431 937
1298 938
2894 939
2941 940
1650 941
269 942
1271 943
2009 944
340 945
1092 946
671 947
3251 948
2420 949
2912 950
1356 951
788 952
2763 953
1569 954
349 955
1405 956
1858 957
3014 958
2124 959
851 960
1347 961
164 962
616 963
2090 964
988 965
3281 966
2231 967
610 968
3395 969
1454 970
2115 971
1049 972
4 973
187 974
1031 975
16 976
62 977
2247 978
231 979
2058 980
1518 981
1516 982
1683 983
1913 984
292 985
492 986
808 987
1459 988
26 989
2779 990
2262 991
2425 992
1101 993
1020 994
2168 995
1605 996
509 997
2518 998
2125 999
2385 1000
3272 1001
1542 1002
3034 1003
2173 1004
450 1005
1447 1006
1711 1007
700 1008
3173 1009
3102 1010
1365 1011
2625 1012
317 1013
410 1014
1629 1015
488 1016
2626 1017
2613 1018
707 1019
1748 1020
1783 1021
3340 1022
3527 1023
1527 1024
2528 1025
1396 1026
1375 1027
435 1028
748 1029
2105 1030
2054 1031
1391 1032
780 1033
1924 1034
1372 1035
2140 1036
1676 1037
329 1038
3033 1039
3269 1040
1320 1041
674 1042
2393 1043
1334 1044
1876 1045
2012 1046
1306 1047
338 1048
849 1049
2094 1050
2311 1051
3032 1052
1690 1053
2628 1054
1544 1055
185 1056
2034 1057
2533 1058
1762 1059
379 1060
2808 1061
2532 1062
1037 1063
3024 1064
196 1065
442 1066
2530 1067
316 1068
1779 1069
504 1070
172 1071
1590 1072
1831 1073
2668 1074
2364 1075
2053 1076
173 1077
160 1078
2986 1079
1917 1080
2531 1081
256 1082
327 1083
692 1084
3572 1085
737 1086
66 1087
519 1088
2450 1089
2642 1090
611 1091
880 1092
2091 1093
3401 1094
3573 1095
405 1096
2807 1097
1862 1098
902 1099
1007 1100
2046 1101
1591 1102
3156 1103
512 1104
1603 1105
2448 1106
307 1107
249 1108
1682 1109
358 1110
1366 1111
1466 1112
3386 1113
3426 1114
805 1115
2688 1116
1727 1117
3252 1118
3155 1119
1747 1120
224 1121
1918 1122
1442 1123
1480 1124
875 1125
31 1126
350 1127
2002 1128
2059 1129
2875 1130
253 1131
42 1132
1006 1133
1027 1134
605 1135
1586 1136
766 1137
1884 1138
1801 1139
3257 1140
418 1141
3528 1142
765 1143
455 1144
2431 1145
1726 1146
92 1147
2412 1148
169 1149
1595 1150
3253 1151
1517 1152
500 1153
1614 1154
7 1155
3450 1156
597 1157
1777 1158
3263 1159
708 1160
236 1161
539 1162
216 1163
378 1164
3208 1165
333 1166
1713 1167
5 1168
830 1169
1042 1170
2004 1171
1409 1172
372 1173
157 1174
1367 1175
2709 1176
1377 1177
252 1178
784 1179
585 1180
1379 1181
673 1182
1702 1183
186 1184
466 1185
1689 1186
344 1187
2266 1188
1806 1189
355 1190
537 1191
3 1192
1494 1193
1855 1194
2387 1195
1503 1196
153 1197
2335 1198
818 1199
1646 1200
1581 1201
520 1202
1863 1203
432 1204
1602 1205
637 1206
2036 1207
1760 1208
2953 1209
1431 1210
1453 1211
688 1212
2042 1213
374 1214
1005 1215
437 1216
2720 1217
1839 1218
2296 1219
420 1220
325 1221
1707 1222
429 1223
2152 1224
870 1225
967 1226
3130 1227
2726 1228
3435 1229
1260 1230
2016 1231
2526 1232
2670 1233
2194 1234
733 1235
3404 1236
1608 1237
3197 1238
380 1239
1084 1240
2014 1241
3494 1242
3143 1243
1013 1244
1082 1245
3194 1246
3167 1247
2524 1248
2520 1249
2877 1250
1256 1251
1238 1252
1162 1253
1073 1254
1204 1255
2403 1256
1982 1257
2781 1258
2517 1259
1032 1260
1597 1261
840 1262
1755 1263
558 1264
1010 1265
3248 1266
3157 1267
1275 1268
8 1269
361 1270
553 1271
1648 1272
741 1273
2116 1274
1371 1275
2615 1276
546 1277
2643 1278
2138 1279
3479 1280
2193 1281
2 1282
2143 1283
1967 1284
2161 1285
653 1286
3489 1287
2253 1288
1126 1289
2409 1290
1566 1291
3584 1292
3590 1293
3591 1294
3529 1295
2959 1296
2829 1297
1792 1298
2334 1299
165 1300
1438 1301
170 1302
227 1303
1287 1304
465 1305
861 1306
1429 1307
2133 1308
3555 1309
10 1310
2082 1311
2657 1312
2346 1313
426 1314
1353 1315
1266 1316
2961 1317
2724 1318
1128 1319
2787 1320
1330 1321
1970 1322
2148 1323
1389 1324
1972 1325
1995 1326
1971 1327
1983 1328
1986 1329
1969 1330
1976 1331
1978 1332
1985 1333
1980 1334
1988 1335
2460 1336
1326 1337
2122 1338
2465 1339
1987 1340
1981 1341
1979 1342
1977 1343
1241 1344
1645 1345
70 1346
3476 1347
2617 1348
3264 1349
1717 1350
2279 1351
724 1352
2328 1353
1771 1354
273 1355
532 1356
1644 1357
2898 1358
2389 1359
2107 1360
177 1361
1999 1362
152 1363
1342 1364
3259 1365
2443 1366
2801 1367
1059 1368
3358 1369
587 1370
543 1371
105 1372
802 1373
2297 1374
852 1375
417 1376
468 1377
222 1378
3046 1379
353 1380
2424 1381
2496 1382
266 1383
1441 1384
140 1385
1541 1386
1821 1387
1593 1388
691 1389
1457 1390
237 1391
550 1392
289 1393
736 1394
1894 1395
207 1396
447 1397
182 1398
168 1399
195 1400
3261 1401
2316 1402
1479 1403
3436 1404
499 1405
179 1406
64 1407
2774 1408
258 1409
15 1410
1556 1411
427 1412
1483 1413
1184 1414
141 1415
1425 1416
368 1417
180 1418
104 1419
2539 1420
542 1421
719 1422
838 1423
1799 1424
218 1425
3331 1426
3405 1427
2406 1428
2991 1429
648 1430
3082 1431
3443 1432
490 1433
1047 1434
3441 1435
1552 1436
3444 1437
2006 1438
145 1439
2990 1440
494 1441
2476 1442
303 1443
1385 1444
3274 1445
552 1446
1687 1447
434 1448
786 1449
1488 1450
459 1451
1833 1452
1100 1453
1769 1454
1616 1455
479 1456
2126 1457
464 1458
71 1459
485 1460
315 1461
44 1462
204 1463
1004 1464
694 1465
1497 1466
1681 1467
502 1468
1626 1469
2268 1470
493 1471
1805 1472
1620 1473
22 1474
2764 1475
3247 1476
2561 1477
1598 1478
1588 1479
3392 1480
2918 1481
3360 1482
2371 1483
2862 1484
59 1485
2921 1486
2032 1487
2352 1488
1175 1489
2203 1490
1069 1491
3406 1492
799 1493
524 1494
1562 1495
381 1496
3385 1497
2416 1498
2752 1499
2860 1500
2880 1501
112 1502
1615 1503
577 1504
761 1505
2322 1506
1744 1507
2761 1508
3020 1509
288 1510
996 1511
95 1512
3430 1513
208 1514
1382 1515
1499 1516
2748 1517
2708 1518
3512 1519
3301 1520
954 1521
3519 1522
932 1523
3341 1524
2522 1525
60 1526
2883 1527
2711 1528
1209 1529
3093 1530
2922 1531
1008 1532
964 1533
1378 1534
2478 1535
416 1536
3000 1537
2993 1538
163 1539
2344 1540
1772 1541
2367 1542
2475 1543
2735 1544
2616 1545
2468 1546
1606 1547
462 1548
1262 1549
314 1550
2970 1551
3153 1552
2135 1553
1085 1554
158 1555
2822 1556
2405 1557
2088 1558
2043 1559
2950 1560
595 1561
1025 1562
2015 1563
586 1564
2098 1565
1016 1566
3419 1567
2511 1568
2110 1569
1791 1570
2023 1571
81 1572
762 1573
2937 1574
946 1575
1948 1576
2936 1577
936 1578
52 1579
2618 1580
248 1581
489 1582
413 1583
2718 1584
937 1585
639 1586
3491 1587
1845 1588
2290 1589
2696 1590
156 1591
2136 1592
3451 1593
2145 1594
2261 1595
2295 1596
3087 1597
1485 1598
3244 1599
3506 1600
3497 1601
2870 1602
2356 1603
2567 1604
3120 1605
2558 1606
371 1607
2469 1608
2780 1609
2372 1610
2072 1611
2793 1612
1440 1613
3045 1614
2796 1615
2374 1616
2375 1617
2413 1618
1474 1619
1461 1620
3343 1621
2891 1622
305 1623
2259 1624
2473 1625
19 1626
1381 1627
419 1628
3010 1629
1759 1630
2351 1631
2310 1632
1053 1633
3163 1634
3135 1635
1942 1636
1186 1637
2969 1638
1411 1639
621 1640
2345 1641
944 1642
501 1643
1844 1644
2398 1645
2202 1646
982 1647
1660 1648
1693 1649
3347 1650
1245 1651
97 1652
233 1653
973 1654
2621 1655
1302 1656
1836 1657
3078 1658
848 1659
1701 1660
2192 1661
72 1662
538 1663
1829 1664
3211 1665
2976 1666
1596 1667
3480 1668
2551 1669
14 1670
161 1671
2929 1672
1290 1673
2240 1674
832 1675
917 1676
1190 1677
3158 1678
2479 1679
3298 1680
35 1681
580 1682
523 1683
2285 1684
2590 1685
1841 1686
3556 1687
3618 1688
3328 1689
2283 1690
3624 1691
3206 1692
1733 1693
3701 1694
3649 1695
1889 1696
3783 1697
3192 1698
2935 1699
3738 1700
3742 1701
2839 1702
3456 1703
3756 1704
3245 1705
3861 1706
3749 1707
3795 1708
3894 1709
2704 1710
3685 1711
3910 1712
3569 1713
3668 1714
3699 1715
3684 1716
3822 1717
3536 1718
2962 1719
1684 1720
3834 1721
3638 1722
3909 1723
2062 1724
1854 1725
46 1726
1835 1727
3746 1728
3633 1729
3769 1730
3763 1731
3635 1732
1033 1733
1526 1734
3503 1735
2204 1736
3384 1737
1147 1738
2057 1739
1035 1740
3061 1741
2996 1742
2721 1743
2907 1744
3118 1745
3186 1746
1672 1747
2404 1748
3225 1749
3416 1750
668 1751
363 1752
3115 1753
3287 1754
2562 1755
506 1756
1571 1757
3623 1758
3578 1759
2596 1760
3604 1761
3606 1762
1030 1763
2092 1764
382 1765
481 1766
2766 1767
2836 1768
2844 1769
1996 1770
828 1771
3074 1772
73 1773
1997 1774
1873 1775
2154 1776
2383 1777
2788 1778
2457 1779
304 1780
3040 1781
69 1782
88 1783
433 1784
1390 1785
513 1786
2587 1787
376 1788
20 1789
387 1790
886 1791
1752 1792
1388 1793
2815 1794
2373 1795
3440 1796
3439 1797
3066 1798
516 1799
1445 1800
383 1801
458 1802
1892 1803
1545 1804
114 1805
225 1806
2269 1807
89 1808
2340 1809
3073 1810
1666 1811
1043 1812
2292 1813
565 1814
842 1815
2784 1816
879 1817
742 1818
1130 1819
2554 1820
2782 1821
1341 1822
328 1823
1327 1824
330 1825
2519 1826
2459 1827
220 1828
1346 1829
2149 1830
2121 1831
2451 1832
2338 1833
2113 1834
2163 1835
2119 1836
2430 1837
3036 1838
2370 1839
3345 1840
836 1841
2537 1842
2851 1843
2153 1844
3062 1845
2273 1846
517 1847
3165 1848
2741 1849
2276 1850
2506 1851
351 1852
362 1853
2162 1854
1547 1855
2078 1856
1919 1857
1688 1858
1021 1859
1018 1860
2037 1861
2120 1862
2327 1863
2789 1864
2655 1865
1984 1866
2902 1867
2005 1868
2033 1869
2139 1870
2123 1871
1881 1872
2252 1873
678 1874
1095 1875
412 1876
3366 1877
647 1878
2106 1879
1472 1880
2956 1881
1804 1882
3076 1883
3371 1884
1935 1885
2577 1886
1651 1887
1507 1888
2166 1889
1178 1890
1224 1891
602 1892
2494 1893
2066 1894
2182 1895
3702 1896
3700 1897
3730 1898
3871 1899
3836 1900
3813 1901
3811 1902
3809 1903
3808 1904
760 1905
3367 1906
155 1907
2669 1908
3628 1909
3724 1910
1670 1911
3372 1912
3178 1913
1946 1914
144 1915
3789 1916
3634 1917
3654 1918
3873 1919
2550 1920
3144 1921
1161 1922
3733 1923
3729 1924
1362 1925
2932 1926
3445 1927
3389 1928
3317 1929
3538 1930
1227 1931
2792 1932
85 1933
2284 1934
2488 1935
662 1936
229 1937
2803 1938
259 1939
3614 1940
3706 1941
3676 1942
3707 1943
841 1944
3788 1945
3812 1946
1519 1947
3947 1948
1658 1949
3686 1950
1003 1951
3249 1952
2423 1953
929 1954
2861 1955
2232 1956
2800 1957
1401 1958
3284 1959
2440 1960
2399 1961
3189 1962
2170 1963
1359 1964
2665 1965
423 1966
2314 1967
1667 1968
2928 1969
1422 1970
2306 1971
2445 1972
1848 1973
2180 1974
1515 1975
743 1976
533 1977
445 1978
13 1979
2505 1980
801 1981
365 1982
1627 1983
1920 1984
2429 1985
540 1986
575 1987
2498 1988
370 1989
2052 1990
1665 1991
2977 1992
2354 1993
3387 1994
415 1995
191 1996
2521 1997
87 1998
2974 1999
1731 2000
2566 2001
3054 2002
747 2003
2386 2004
3327 2005
3510 2006
2940 2007
3594 2008
3753 2009
3409 2010
3897 2011
3949 2012
3952 2013
3914 2014
3825 2015
3250 2016
477 2017
627 2018
55 2019
2250 2020
3713 2021
685 2022
2272 2023
1038 2024
3145 2025
1589 2026
2432 2027
2165 2028
1009 2029
1487 2030
3478 2031
491 2032
3500 2033
1609 2034
2967 2035
3557 2036
239 2037
276 2038
3802 2039
463 2040
257 2041
1023 2042
1024 2043
2099 2044
3759 2045
1011 2046
2040 2047
3793 2048
1754 2049
3889 2050
3948 2051
3917 2052
3877 2053
3316 2054
3863 2055
3744 2056
3534 2057
3946 2058
3798 2059
3681 2060
3723 2061
3844 2062
3608 2063
3672 2064
2190 2065
2141 2066
3712 2067
203 2068
3791 2069
3826 2070
2504 2071
3715 2072
781 2073
3716 2074
3564 2075
3835 2076
2422 2077
3717 2078
386 2079
2525 2080
3238 2081
1218 2082
3452 2083
2041 2084
2188 2085
3513 2086
3502 2087
3077 2088
3784 2089
1361 2090
3338 2091
3004 2092
3588 2093
2885 2094
3374 2095
3459 2096
1202 2097
2397 2098
3138 2099
2738 2100
2749 2101
2417 2102
2418 2103
2942 2104
2925 2105
3283 2106
3420 2107
2535 2108
3428 2109
2051 2110
2394 2111
3484 2112
3477 2113
1895 2114
3466 2115
1750 2116
1583 2117
159 2118
2437 2119
507 2120
1856 2121
1279 2122
518 2123
1417 2124
82 2125
444 2126
2846 2127
2905 2128
3091 2129
3096 2130
670 2131
2731 2132
681 2133
1927 2134
1131 2135
2210 2136
934 2137
976 2138
3304 2139
897 2140
1277 2141
1064 2142
2184 2143
2212 2144
941 2145
3047 2146
1840 2147
970 2148
3310 2149
2379 2150
12 2151
3368 2152
3475 2153
1933 2154
3110 2155
2495 2156
3585 2157
2633 2158
1932 2159
2820 2160
3188 2161
3810 2162
313 2163
711 2164
1015 2165
2079 2166
181 2167
2142 2168
1592 2169
2095 2170
2017 2171
3754 2172
2031 2173
3674 2174
2050 2175
3841 2176
3704 2177
3639 2178
3710 2179
1661 2180
3728 2181
3457 2182
3200 2183
171 2184
581 2185
309 2186
277 2187
147 2188
2060 2189
564 2190
1034 2191
2927 2192
41 2193
2171 2194
846 2195
645 2196
1624 2197
322 2198
57 2199
271 2200
1051 2201
1816 2202
408 2203
94 2204
1943 2205
632 2206
718 2207
63 2208
569 2209
3617 2210
2073 2211
3214 2212
1257 2213
2453 2214
3688 2215
3525 2216
3698 2217
3577 2218
2044 2219
2264 2220
2816 2221
2381 2222
2458 2223
3391 2224
2382 2225
3785 2226
2978 2227
275 2228
2249 2229
3752 2230
3773 2231
3911 2232
804 2233
3745 2234
3515 2235
3893 2236
2768 2237
414 2238
2436 2239
2661 2240
1167 2241
3615 2242
521 2243
3266 2244
1523 2245
1743 2246
1310 2247
2689 2248
77 2249
297 2250
3335 2251
2265 2252
101 2253
663 2254
2500 2255
2447 2256
3243 2257
3254 2258
3544 2259
166 2260
65 2261
2380 2262
3495 2263
1112 2264
893 2265
1563 2266
175 2267
3437 2268
2435 2269
697 2270
3593 2271
3596 2272
3271 2273
346 2274
482 2275
18 2276
117 2277
228 2278
2806 2279
1866 2280
1599 2281
2101 2282
925 2283
2267 2284
1464 2285
451 2286
2583 2287
335 2288
360 2289
1498 2290
2497 2291
1463 2292
1475 2293
2597 2294
270 2295
2586 2296
1675 2297
422 2298
2320 2299
554 2300
2326 2301
990 2302
132 2303
79 2304
640 2305
3516 2306
3600 2307
3602 2308
3520 2309
3605 2310
3610 2311
2156 2312
1937 2313
1414 2314
635 2315
1113 2316
1621 2317
3355 2318
3399 2319
1205 2320
2924 2321
2275 2322
704 2323
393 2324
3213 2325
2084 2326
1739 2327
1973 2328
2810 2329
2195 2330
234 2331
810 2332
126 2333
998 2334
2963 2335
49 2336
1484 2337
3786 2338
113 2339
193 2340
3181 2341
1509 2342
3116 2343
3433 2344
3434 2345
3258 2346
2733 2347
3390 2348
3349 2349
76 2350
1152 2351
2365 2352
547 2353
438 2354
3432 2355
1495 2356
2817 2357
667 2358
3431 2359
1720 2360
2582 2361
2368 2362
839 2363
2899 2364
421 2365
631 2366
1654 2367
2035 2368
960 2369
2205 2370
2589 2371
2151 2372
255 2373
1612 2374
3069 2375
3217 2376
3423 2377
650 2378
3141 2379
2653 2380
2637 2381
2646 2382
2638 2383
2634 2384
1337 2385
2654 2386
2647 2387
2649 2388
3013 2389
2651 2390
1655 2391
332 2392
2868 2393
2515 2394
2315 2395
3021 2396
2982 2397
2452 2398
1992 2399
2462 2400
1998 2401
1993 2402
2903 2403
891 2404
2790 2405
1329 2406
2983 2407
2992 2408
3103 2409
1746 2410
1936 2411
3587 2412
725 2413
1753 2414
3896 2415
242 2416
1925 2417
2939 2418
206 2419
2988 2420
2573 2421
1067 2422
3532 2423
3394 2424
3678 2425
498 2426
3814 2427
751 2428
3866 2429
3872 2430
3929 2431
793 2432
3509 2433
3855 2434
3862 2435
254 2436
3299 2437
1511 2438
3486 2439
2667 2440
3375 2441
2663 2442
3488 2443
2656 2444
2814 2445
2652 2446
1468 2447
613 2448
559 2449
511 2450
2636 2451
2579 2452
1255 2453
2293 2454
556 2455
2536 2456
103 2457
2493 2458
2568 2459
2260 2460
3565 2461
3007 2462
1901 2463
3142 2464
1875 2465
3581 2466
3882 2467
3852 2468
1870 2469
1564 2470
2864 2471
1904 2472
3625 2473
3718 2474
1105 2475
1421 2476
3185 2477
1352 2478
3177 2479
3146 2480
3180 2481
1671 2482
835 2483
3597 2484
3950 2485
612 2486
1456 2487
122 2488
2783 2489
1331 2490
2740 2491
606 2492
3598 2493
3559 2494
3415 2495
84 2496
1046 2497
1406 2498
214 2499
1116 2500
2029 2501
2865 2502
352 2503
324 2504
3357 2505
3755 2506
3859 2507
3831 2508
3747 2509
1535 2510
2540 2511
3868 2512
3286 2513
3038 2514
3199 2515
3324 2516
3916 2517
291 2518
3106 2519
3533 2520
615 2521
240 2522
956 2523
2131 2524
1076 2525
2650 2526
927 2527
962 2528
775 2529
2847 2530
1160 2531
347 2532
2682 2533
2753 2534
746 2535
1446 2536
184 2537
1000 2538
2878 2539
3490 2540
1989 2541
3487 2542
1068 2543
3049 2544
2187 2545
3275 2546
2236 2547
829 2548
456 2549
2263 2550
2246 2551
3221 2552
3571 2553
3570 2554
389 2555
2744 2556
473 2557
1324 2558
2516 2559
2007 2560
570 2561
452 2562
1613 2563
268 2564
409 2565
215 2566
806 2567
3339 2568
2893 2569
2607 2570
2884 2571
3465 2572
2888 2573
881 2574
135 2575
312 2576
278 2577
3031 2578
813 2579
833 2580
472 2581
1550 2582
2317 2583
2027 2584
1604 2585
2242 2586
3041 2587
2896 2588
487 2589
2055 2590
3427 2591
3646 2592
809 2593
2606 2594
2856 2595
121 2596
2639 2597
3402 2598
1865 2599
1123 2600
2659 2601
3554 2602
3414 2603
3235 2604
116 2605
869 2606
1647 2607
2255 2608
3043 2609
3622 2610
1837 2611
710 2612
470 2613
505 2614
102 2615
3042 2616
2585 2617
709 2618
3393 2619
798 2620
2594 2621
2507 2622
2281 2623
210 2624
467 2625
3425 2626
1703 2627
267 2628
2798 2629
217 2630
189 2631
1585 2632
1857 2633
449 2634
984 2635
2952 2636
1050 2637
1191 2638
436 2639
3063 2640
302 2641
1600 2642
3620 2643
209 2644
3682 2645
544 2646
3680 2647
3770 2648
3780 2649
2889 2650
2191 2651
3679 2652
2879 2653
3740 2654
1906 2655
619 2656
3326 2657
2549 2658
384 2659
3127 2660
3827 2661
3901 2662
9 2663
1812 2664
525 2665
2610 2666
3830 2667
3821 2668
83 2669
563 2670
2271 2671
3838 2672
40 2673
874 2674
2325 2675
2674 2676
782 2677
2461 2678
3109 2679
3268 2680
1450 2681
1692 2682
2483 2683
321 2684
3483 2685
1432 2686
2714 2687
1686 2688
3869 2689
1058 2690
1640 2691
957 2692
3731 2693
2227 2694
1460 2695
1477 2696
2773 2697
3292 2698
61 2699
2548 2700
1325 2701
1328 2702
1322 2703
294 2704
548 2705
3344 2706
2256 2707
3026 2708
769 2709
528 2710
1363 2711
1758 2712
484 2713
2045 2714
888 2715
2695 2716
3492 2717
238 2718
96 2719
3137 2720
1317 2721
1398 2722
2892 2723
807 2724
987 2725
3232 2726
1695 2727
3012 2728
1896 2729
3417 2730
2776 2731
2630 2732
1428 2733
2177 2734
2523 2735
1496 2736
3711 2737
295 2738
3675 2739
3599 2740
1669 2741
131 2742
1482 2743
2307 2744
2835 2745
1898 2746
201 2747
3403 2748
1410 2749
3619 2750
1677 2751
2350 2752
2767 2753
3048 2754
2257 2755
2786 2756
2799 2757
2756 2758
1860 2759
536 2760
3566 2761
3771 2762
3792 2763
3760 2764
3807 2765
3764 2766
3816 2767
3927 2768
3758 2769
3937 2770
3930 2771
3926 2772
3725 2773
3801 2774
3787 2775
118 2776
3689 2777
3732 2778
3743 2779
2341 2780
2777 2781
3708 2782
3669 2783
3697 2784
3690 2785
3579 2786
3580 2787
3537 2788
2169 2789
1826 2790
2691 2791
23 2792
2305 2793
1063 2794
2965 2795
3302 2796
3858 2797
3794 2798
2681 2799
93 2800
3223 2801
2853 2802
3218 2803
3613 2804
638 2805
74 2806
301 2807
469 2808
1632 2809
779 2810
1668 2811
2426 2812
3632 2813
3637 2814
27 2815
211 2816
3714 2817
343 2818
2197 2819
119 2820
3629 2821
68 2822
2415 2823
3306 2824
3709 2825
3885 2826
1728 2827
1490 2828
3719 2829
37 2830
1798 2831
2809 2832
567 2833
2727 2834
1154 2835
854 2836
850 2837
669 2838
1351 2839
3531 2840
2849 2841
715 2842
1631 2843
3562 2844
3586 2845
3313 2846
1404 2847
78 2848
882 2849
424 2850
1044 2851
2449 2852
2876 2853
885 2854
2280 2855
716 2856
478 2857
1436 2858
626 2859
656 2860
1439 2861
243 2862
2552 2863
3511 2864
3720 2865
390 2866
522 2867
1473 2868
2482 2869
3309 2870
2196 2871
1869 2872
3563 2873
1867 2874
1853 2875
2128 2876
486 2877
1679 2878
867 2879
453 2880
174 2881
2026 2882
1756 2883
1990 2884
2514 2885
2754 2886
1323 2887
3662 2888
3661 2889
3846 2890
3840 2891
3766 2892
3612 2893
3920 2894
3727 2895
824 2896
3925 2897
331 2898
1824 2899
618 2900
3705 2901
391 2902
1662 2903
732 2904
2812 2905
1532 2906
283 2907
1601 2908
510 2909
2201 2910
100 2911
3553 2912
443 2913
3653 2914
3319 2915
1910 2916
483 2917
617 2918
369 2919
764 2920
406 2921
1420 2922
753 2923
2347 2924
2047 2925
2400 2926
2593 2927
1180 2928
274 2929
336 2930
1054 2931
197 2932
503 2933
1767 2934
703 2935
354 2936
167 2937
633 2938
3539 2939
3453 2940
896 2941
3765 2942
3002 2943
2323 2944
3677 2945
2930 2946
178 2947
3055 2948
149 2949
1922 2950
3741 2951
2614 2952
202 2953
3574 2954
1087 2955
2886 2956
3864 2957
2049 2958
3736 2959
2221 2960
1335 2961
3442 2962
2818 2963
3240 2964
1574 2965
3903 2966
3464 2967
1071 2968
1232 2969
3643 2970
3514 2971
3775 2972
3879 2973
3446 2974
3645 2975
1119 2976
2964 2977
3626 2978
3627 2979
3900 2980
3908 2981
3895 2982
3865 2983
2923 2984
3804 2985
877 2986
1502 2987
3027 2988
2737 2989
1525 2990
3470 2991
3636 2992
1822 2993
1426 2994
3644 2995
1164 2996
1902 2997
219 2998
603 2999
3790 3000
3241 3001
1151 3002
1349 3003
1336 3004
2446 3005
2769 3006
600 3007
2298 3008
1636 3009
3616 3010
3898 3011
2509 3012
2833 3013
3117 3014
2008 3015
3474 3016
847 3017
1887 3018
3734 3019
1770 3020
3184 3021
1807 3022
997 3023
2679 3024
3122 3025
1928 3026
2981 3027
2984 3028
1849 3029
1551 3030
876 3031
1117 3032
53 3033
2388 3034
1508 3035
1114 3036
38 3037
3400 3038
2834 3039
3190 3040
2499 3041
1656 3042
3655 3043
3737 3044
2179 3045
3806 3046
3824 3047
3906 3048
583 3049
1825 3050
3935 3051
1572 3052
2211 3053
99 3054
75 3055
705 3056
128 3057
2342 3058
392 3059
3782 3060
3781 3061
3670 3062
3154 3063
3767 3064
3768 3065
3320 3066
2897 3067
3693 3068
2843 3069
665 3070
614 3071
3915 3072
1903 3073
2086 3074
1121 3075
3660 3076
3673 3077
3658 3078
3936 3079
811 3080
1313 3081
3851 3082
1169 3083
3567 3084
1782 3085
359 3086
1514 3087
3207 3088
3849 3089
2632 3090
1415 3091
1533 3092
3884 3093
3064 3094
3454 3095
3691 3096
2831 3097
2945 3098
568 3099
2215 3100
3664 3101
3663 3102
3943 3103
3874 3104
137 3105
136 3106
2103 3107
56 3108
146 3109
54 3110
1489 3111
771 3112
2559 3113
90 3114
566 3115
1749 3116
3473 3117
3739 3118
3880 3119
3568 3120
129 3121
2904 3122
3092 3123
250 3124
1486 3125
375 3126
2755 3127
3692 3128
3183 3129
2339 3130
385 3131
3139 3132
974 3133
958 3134
3171 3135
755 3136
3215 3137
2209 3138
2185 3139
264 3140
1696 3141
106 3142
2994 3143
1458 3144
2481 3145
3124 3146
2743 3147
767 3148
3799 3149
3001 3150
2979 3151
2778 3152
3592 3153
3293 3154
1423 3155
1715 3156
2627 3157
831 3158
1879 3159
2074 3160
2785 3161
1814 3162
2244 3163
992 3164
3648 3165
3659 3166
3665 3167
1725 3168
3694 3169
3311 3170
609 3171
244 3172
1893 3173
3945 3174
98 3175
496 3176
1002 3177
2765 3178
3913 3179
3854 3180
2913 3181
3933 3182
3931 3183
3919 3184
124 3185
3833 3186
3696 3187
939 3188
1437 3189
3820 3190
754 3191
2477 3192
411 3193
1055 3194
3774 3195
3886 3196
3667 3197
1817 3198
1534 3199
1531 3200
2850 3201
2207 3202
1455 3203
2998 3204
3540 3205
2175 3206
3912 3207
279 3208
3161 3209
148 3210
2911 3211
3951 3212
1549 3213
1864 3214
2933 3215
3726 3216
2813 3217
1859 3218
1529 3219
1501 3220
1811 3221
3657 3222
3640 3223
1664 3224
3823 3225
863 3226
1926 3227
2837 3228
1493 3229
1850 3230
1567 3231
3857 3232
3652 3233
2824 3234
310 3235
3303 3236
1170 3237
2855 3238
3867 3239
2158 3240
1793 3241
1153 3242
3642 3243
3025 3244
2534 3245
2332 3246
3222 3247
394 3248
2486 3249
3463 3250
2914 3251
2544 3252
1538 3253
3695 3254
2200 3255
526 3256
1144 3257
3239 3258
1899 3259
2056 3260
1384 3261
1369 3262
3333 3263
430 3264
698 3265
3803 3266
3845 3267
3870 3268
3928 3269
3932 3270
3850 3271
3778 3272
864 3273
659 3274
108 3275
1311 3276
251 3277
1539 3278
598 3279
1718 3280
2931 3281
3050 3282
1565 3283
2219 3284
2775 3285
3776 3286
2675 3287
3058 3288
3942 3289
3941 3290
3940 3291
3939 3292
3938 3293
3922 3294
3921 3295
3918 3296
3666 3297
3761 3298
3346 3299
2854 3300
3276 3301
3905 3302
3757 3303
2304 3304
1880 3305
2658 3306
561 3307
560 3308
1575 3309
3410 3310
3796 3311
1433 3312
200 3313
664 3314
1741 3315
2569 3316
966 3317
1890 3318
2234 3319
2164 3320
3721 3321
3923 3322
1174 3323
1312 3324
726 3325
1181 3326
2444 3327
2608 3328
2063 3329
3121 3330
1878 3331
3318 3332
2873 3333
3818 3334
1163 3335
3817 3336
2189 3337
1444 3338
1040 3339
1520 3340
3883 3341
3860 3342
2129 3343
3162 3344
860 3345
287 3346
844 3347
1522 3348
3003 3349
3166 3350
1026 3351
972 3352
1930 3353
397 3354
3853 3355
3805 3356
3641 3357
2635 3358
3837 3359
3797 3360
3832 3361
1570 3362
3847 3363
2466 3364
3523 3365
3351 3366
1659 3367
2666 3368
3777 3369
3843 3370
3839 3371
2760 3372
3848 3373
1138 3374
1168 3375
245 3376
652 3377
1780 3378
3878 3379
3924 3380
630 3381
2830 3382
1685 3383
1622 3384
2545 3385
460 3386
1098 3387
2631 3388
980 3389
1383 3390
3611 3391
1891 3392
3056 3393
2673 3394
3140 3395
3934 3396
2934 3397
815 3398
3892 3399
2705 3400
2557 3401
3902 3402
2602 3403
3875 3404
2233 3405
2061 3406
2538 3407
2487 3408
212 3409
2464 3410
3944 3411
3891 3412
1471 3413
1796 3414
1543 3415
