858 1001
593 1002
2384 1003
2019 1004
1961 1005
1419 1006
3111 1007
573 1008
213 1009
3505 1010
1734 1011
919 1012
2503 1013
912 1014
527 1015
649 1016
1252 1017
318 1018
3289 1019
759 1020
608 1021
2396 1022
2858 1023
2028 1024
1649 1025
326 1026
17 1027
34 1028
2762 1029
246 1030
2692 1031
1617 1032
300 1033
1392 1034
1111 1035
150 1036
562 1037
549 1038
866 1039
265 1040
1537 1041
448 1042
1554 1043
1358 1044
2324 1045
235 1046
446 1047
247 1048
1094 1049
1704 1050
50 1051
162 1052
45 1053
508 1054
348 1055
1089 1056
589 1057
58 1058
1694 1059
2580 1060
1834 1061
2391 1062
290 1063
357 1064
1641 1065
1225 1066
541 1067
1189 1068
1299 1069
2020 1070
3067 1071
1296 1072
2512 1073
3094 1074
1217 1075
3543 1076
2859 1077
1293 1078
3424 1079
1259 1080
1231 1081
1240 1082
1300 1083
1198 1084
2349 1085
1199 1086
3361 1087
1196 1088
1036 1089
3068 1090
1307 1091
1242 1092
1288 1093
1090 1094
1394 1095
2791 1096
1097 1097
1962 1098
1185 1099
1150 1100
1975 1101
3521 1102
1960 1103
3072 1104
1200 1105
3039 1106
1285 1107
1096 1108
1079 1109
2348 1110
2070 1111
2076 1112
1374 1113
2987 1114
2312 1115
1210 1116
1376 1117
2872 1118
2716 1119
3070 1120
2150 1121
1246 1122
3101 1123
1965 1124
3422 1125
2455 1126
2750 1127
1321 1128
1305 1129
2852 1130
3342 1131
1295 1132
2739 1133
2915 1134
1291 1135
3552 1136
3449 1137
2301 1138
1127 1139
592 1140
1220 1141
1663 1142
2407 1143
1124 1144
2011 1145
2100 1146
2463 1147
2989 1148
2746 1149
3016 1150
2745 1151
2286 1152
2022 1153
2369 1154
2985 1155
2802 1156
3524 1157
2134 1158
2003 1159
1991 1160
1173 1161
2641 1162
2376 1163
1587 1164
2021 1165
2111 1166
2146 1167
3388 1168
2717 1169
2751 1170
2794 1171
2378 1172
1373 1173
1974 1174
2456 1175
2411 1176
2410 1177
3017 1178
2408 1179
2471 1180
1091 1181
2241 1182
2513 1183
2402 1184
2147 1185
2421 1186
3224 1187
923 1188
1228 1189
3097 1190
1248 1191
904 1192
3089 1193
913 1194
2357 1195
260 1196
3262 1197
1193 1198
750 1199
908 1200
1247 1201
1237 1202
910 1203
111 1204
1230 1205
306 1206
1208 1207
1254 1208
2863 1209
2010 1210
1276 1211
1235 1212
1219 1213
1929 1214
1213 1215
2938 1216
3201 1217
1104 1218
2599 1219
1294 1220
1136 1221
1250 1222
2289 1223
296 1224
1251 1225
1952 1226
1280 1227
80 1228
903 1229
3134 1230
2728 1231
2624 1232
3418 1233
720 1234
36 1235
1172 1236
924 1237
1719 1238
1945 1239
1203 1240
930 1241
25 1242
3359 1243
1080 1244
1 1245
920 1246
30 1247
2648 1248
3471 1249
2664 1250
1263 1251
1278 1252
334 1253
899 1254
978 1255
916 1256
2973 1257
1635 1258
2997 1259
1206 1260
1103 1261
154 1262
1041 1263
3735 1264
3683 1265
1214 1266
2612 1267
2645 1268
1449 1269
3504 1270
2303 1271
3334 1272
263 1273
32 1274
1283 1275
1244 1276
722 1277
3108 1278
1354 1279
1966 1280
1179 1281
800 1282
778 1283
1265 1284
2248 1285
1633 1286
1264 1287
1253 1288
994 1289
29 1290
2439 1291
3547 1292
2919 1293
1222 1294
2395 1295
1954 1296
1963 1297
3095 1298
1699 1299
1249 1300
2300 1301
3083 1302
2366 1303
3819 1304
1900 1305
1188 1306
1912 1307
3703 1308
1594 1309
39 1310
373 1311
1674 1312
535 1313
1273 1314
3751 1315
495 1316
1077 1317
3168 1318
3182 1319
2575 1320
3362 1321
1212 1322
3421 1323
1258 1324
1270 1325
2068 1326
1947 1327
1211 1328
2571 1329
1333 1330
953 1331
2725 1332
1673 1333
457 1334
3671 1335
232 1336
2917 1337
1921 1338
1784 1339
282 1340
2067 1341
947 1342
3088 1343
3133 1344
3022 1345
2804 1346
1269 1347
2622 1348
955 1349
1028 1350
3548 1351
1197 1352
951 1353
1223 1354
933 1355
1066 1356
907 1357
2671 1358
935 1359
1304 1360
3175 1361
3035 1362
1014 1363
1078 1364
3363 1365
909 1366
3396 1367
2174 1368
911 1369
1934 1370
945 1371
471 1372
3037 1373
952 1374
1125 1375
915 1376
3028 1377
3545 1378
2565 1379
914 1380
2087 1381
1022 1382
1282 1383
900 1384
918 1385
364 1386
1951 1387
588 1388
3549 1389
963 1390
2857 1391
1380 1392
107 1393
1081 1394
2083 1395
2946 1396
2096 1397
1088 1398
661 1399
938 1400
901 1401
783 1402
1083 1403
2080 1404
199 1405
1416 1406
48 1407
1284 1408
2206 1409
1086 1410
950 1411
1964 1412
2208 1413
906 1414
942 1415
2414 1416
1680 1417
926 1418
1148 1419
922 1420
1387 1421
356 1422
1882 1423
1267 1424
3508 1425
702 1426
3148 1427
1221 1428
2132 1429
3006 1430
3196 1431
1207 1432
3469 1433
3468 1434
1938 1435
1949 1436
2501 1437
3270 1438
3330 1439
1233 1440
1941 1441
2890 1442
1940 1443
3051 1444
3467 1445
1950 1446
1939 1447
3526 1448
3152 1449
959 1450
2238 1451
1953 1452
3147 1453
3379 1454
949 1455
1956 1456
928 1457
2186 1458
965 1459
2176 1460
2183 1461
931 1462
1344 1463
3230 1464
3204 1465
2840 1466
3044 1467
47 1468
2160 1469
1610 1470
1407 1471
2353 1472
1994 1473
319 1474
2178 1475
3015 1476
2118 1477
1343 1478
2181 1479
1909 1480
1732 1481
1573 1482
454 1483
377 1484
905 1485
3114 1486
1234 1487
921 1488
2239 1489
2243 1490
2361 1491
898 1492
837 1493
3132 1494
2064 1495
2065 1496
2529 1497
2662 1498
1301 1499
2288 1500
2287 1501
198 1502
1653 1503
1584 1504
2363 1505
2640 1506
1019 1507
2527 1508
1721 1509
3438 1510
2428 1511
1883 1512
2699 1513
2683 1514
2572 1515
2492 1516
2706 1517
2826 1518
2827 1519
2707 1520
2975 1521
2694 1522
2710 1523
3285 1524
2555 1525
3005 1526
2842 1527
2770 1528
2771 1529
223 1530
2433 1531
2038 1532
2759 1533
2881 1534
2722 1535
3203 1536
2541 1537
2546 1538
2772 1539
1911 1540
1093 1541
2678 1542
3408 1543
2605 1544
2828 1545
2434 1546
3113 1547
2336 1548
2757 1549
2712 1550
3159 1551
2995 1552
407 1553
2676 1554
2690 1555
2333 1556
2318 1557
2719 1558
785 1559
2390 1560
3160 1561
2392 1562
3008 1563
2882 1564
2713 1565
2629 1566
3354 1567
2900 1568
3053 1569
2734 1570
2805 1571
968 1572
1959 1573
2490 1574
2901 1575
3219 1576
2723 1577
2502 1578
3325 1579
2581 1580
2574 1581
2758 1582
3300 1583
24 1584
2598 1585
2013 1586
299 1587
2906 1588
43 1589
2093 1590
2560 1591
2686 1592
1513 1593
3081 1594
2841 1595
2485 1596
2491 1597
3273 1598
2700 1599
2672 1600
2702 1601
3176 1602
2715 1603
2693 1604
86 1605
1623 1606
2600 1607
2701 1608
2337 1609
3125 1610
3179 1611
3329 1612
461 1613
2024 1614
1413 1615
745 1616
1192 1617
3149 1618
1281 1619
3307 1620
28 1621
3265 1622
3128 1623
2360 1624
3462 1625
3030 1626
1348 1627
2075 1628
2972 1629
2677 1630
2609 1631
1303 1632
1412 1633
3429 1634
2732 1635
3365 1636
971 1637
2660 1638
3075 1639
514 1640
1885 1641
2920 1642
1931 1643
1056 1644
1132 1645
1176 1646
3447 1647
176 1648
1657 1649
3551 1650
1397 1651
3052 1652
2730 1653
3090 1654
2848 1655
3461 1656
599 1657
1874 1658
1504 1659
1957 1660
2971 1661
961 1662
3019 1663
3364 1664
293 1665
2966 1666
2441 1667
695 1668
1201 1669
940 1670
2644 1671
2908 1672
1340 1673
2313 1674
3150 1675
308 1676
2291 1677
969 1678
3498 1679
3550 1680
1797 1681
2819 1682
3499 1683
2102 1684
2130 1685
3198 1686
594 1687
735 1688
320 1689
388 1690
1272 1691
2947 1692
1827 1693
3018 1694
2926 1695
3098 1696
1582 1697
1944 1698
1914 1699
3086 1700
3267 1701
2329 1702
123 1703
2729 1704
2000 1705
3104 1706
1243 1707
590 1708
3210 1709
151 1710
339 1711
3105 1712
2871 1713
110 1714
1012 1715
1171 1716
1129 1717
1261 1718
680 1719
2089 1720
3169 1721
1274 1722
1289 1723
2948 1724
1187 1725
2553 1726
2944 1727
2795 1728
2321 1729
1846 1730
272 1731
555 1732
3071 1733
999 1734
2866 1735
529 1736
714 1737
2085 1738
862 1739
731 1740
1345 1741
1292 1742
2467 1743
1297 1744
3011 1745
2943 1746
948 1747
2949 1748
441 1749
2104 1750
628 1751
2620 1752
2159 1753
892 1754
2687 1755
3308 1756
341 1757
2570 1758
3246 1759
2427 1760
2018 1761
2611 1762
2797 1763
1350 1764
1500 1765
2377 1766
2401 1767
475 1768
367 1769
337 1770
551 1771
440 1772
3350 1773
2359 1774
596 1775
515 1776
2355 1777
3060 1778
188 1779
3282 1780
2874 1781
480 1782
1029 1783
1955 1784
534 1785
2951 1786
1729 1787
497 1788
1678 1789
1907 1790
428 1791
2302 1792
1332 1793
943 1794
2071 1795
1357 1796
1968 1797
3501 1798
2157 1799
2867 1800
2362 1801
1393 1802
1611 1803
6 1804
2472 1805
345 1806
1355 1807
2237 1808
1395 1809
1215 1810
2048 1811
1735 1812
474 1813
1183 1814
1730 1815
2167 1816
2155 1817
281 1818
2109 1819
3260 1820
531 1821
3546 1822
1643 1823
1546 1824
728 1825
342 1826
2736 1827
2474 1828
1639 1829
2069 1830
986 1831
425 1832
1099 1833
3129 1834
1226 1835
3256 1836
1216 1837
803 1838
2245 1839
2442 1840
2117 1841
1408 1842
1923 1843
1625 1844
1194 1845
2025 1846
1785 1847
3496 1848
1810 1849
3029 1850
571 1851
1872 1852
298 1853
476 1854
1809 1855
2331 1856
2916 1857
2114 1858
3535 1859
2108 1860
3412 1861
993 1862
3255 1863
3397 1864
230 1865
205 1866
1642 1867
2282 1868
1580 1869
2542 1870
11 1871
1061 1872
3296 1873
1794 1874
2081 1875
2968 1876
1465 1877
3174 1878
1370 1879
183 1880
1060 1881
125 1882
3481 1883
2097 1884
1057 1885
2330 1886
2077 1887
1888 1888
3448 1889
1339 1890
194 1891
1399 1892
1958 1893
2697 1894
280 1895
3079 1896
3112 1897
2278 1898
3099 1899
2294 1900
3507 1901
3398 1902
1017 1903
3518 1904
2454 1905
1177 1906
991 1907
2747 1908
2112 1909
1120 1910
2137 1911
1268 1912
1897 1913
262 1914
2001 1915
366 1916
1788 1917
2144 1918
1236 1919
21 1920
3370 1921
3576 1922
1286 1923
1619 1924
3100 1925
3107 1926
1427 1927
1476 1928
1722 1929
1916 1930
574 1931
261 1932
190 1933
241 1934
2470 1935
1135 1936
2419 1937
431 1938
1298 1939
2894 1940
2941 1941
1650 1942
269 1943
1271 1944
2009 1945
340 1946
1092 1947
671 1948
3251 1949
2420 1950
2912 1951
1356 1952
788 1953
2763 1954
1569 1955
349 1956
1405 1957
1858 1958
3014 1959
2124 1960
851 1961
1347 1962
164 1963
616 1964
2090 1965
988 1966
3281 1967
2231 1968
610 1969
3395 1970
1454 1971
2115 1972
1049 1973
4 1974
187 1975
1031 1976
16 1977
62 1978
2247 1979
231 1980
2058 1981
1518 1982
1516 1983
1683 1984
1913 1985
292 1986
492 1987
808 1988
1459 1989
26 1990
2779 1991
2262 1992
2425 1993
1101 1994
1020 1995
2168 1996
1605 1997
509 1998
2518 1999
2125 2000
2385 2001
3272 2002
1542 2003
3034 2004
2173 2005
450 2006
1447 2007
1711 2008
700 2009
3173 2010
3102 2011
1365 2012
2625 2013
317 2014
410 2015
1629 2016
488 2017
2626 2018
2613 2019
707 2020
1748 2021
1783 2022
3340 2023
3527 2024
1527 2025
2528 2026
1396 2027
1375 2028
435 2029
748 2030
2105 2031
2054 2032
1391 2033
780 2034
1924 2035
1372 2036
2140 2037
1676 2038
329 2039
3033 2040
3269 2041
1320 2042
674 2043
2393 2044
1334 2045
1876 2046
2012 2047
1306 2048
338 2049
849 2050
2094 2051
2311 2052
3032 2053
1690 2054
2628 2055
1544 2056
185 2057
2034 2058
2533 2059
1762 2060
379 2061
2808 2062
2532 2063
1037 2064
3024 2065
196 2066
442 2067
2530 2068
316 2069
1779 2070
504 2071
172 2072
1590 2073
1831 2074
2668 2075
2364 2076
2053 2077
173 2078
160 2079
2986 2080
1917 2081
2531 2082
256 2083
327 2084
692 2085
3572 2086
737 2087
66 2088
519 2089
2450 2090
2642 2091
611 2092
880 2093
2091 2094
3401 2095
3573 2096
405 2097
2807 2098
1862 2099
902 2100
1007 2101
2046 2102
1591 2103
3156 2104
512 2105
1603 2106
2448 2107
307 2108
249 2109
1682 2110
358 2111
1366 2112
1466 2113
3386 2114
3426 2115
805 2116
2688 2117
1727 2118
3252 2119
3155 2120
1747 2121
224 2122
1918 2123
1442 2124
1480 2125
875 2126
31 2127
350 2128
2002 2129
2059 2130
2875 2131
253 2132
42 2133
1006 2134
1027 2135
605 2136
1586 2137
766 2138
1884 2139
1801 2140
3257 2141
418 2142
3528 2143
765 2144
455 2145
2431 2146
1726 2147
92 2148
2412 2149
169 2150
1595 2151
3253 2152
1517 2153
500 2154
1614 2155
7 2156
3450 2157
597 2158
1777 2159
3263 2160
708 2161
236 2162
539 2163
216 2164
378 2165
3208 2166
333 2167
1713 2168
5 2169
830 2170
1042 2171
2004 2172
1409 2173
372 2174
157 2175
1367 2176
2709 2177
1377 2178
252 2179
784 2180
585 2181
1379 2182
673 2183
1702 2184
186 2185
466 2186
1689 2187
344 2188
2266 2189
1806 2190
355 2191
537 2192
3 2193
1494 2194
1855 2195
2387 2196
1503 2197
153 2198
2335 2199
818 2200
1646 2201
1581 2202
520 2203
1863 2204
432 2205
1602 2206
637 2207
2036 2208
1760 2209
2953 2210
1431 2211
1453 2212
688 2213
2042 2214
374 2215
1005 2216
437 2217
2720 2218
1839 2219
2296 2220
420 2221
325 2222
1707 2223
429 2224
2152 2225
870 2226
967 2227
3130 2228
2726 2229
3435 2230
1260 2231
2016 2232
2526 2233
2670 2234
2194 2235
733 2236
3404 2237
1608 2238
3197 2239
380 2240
1084 2241
2014 2242
3494 2243
3143 2244
1013 2245
1082 2246
3194 2247
3167 2248
2524 2249
2520 2250
2877 2251
1256 2252
1238 2253
1162 2254
1073 2255
1204 2256
2403 2257
1982 2258
2781 2259
2517 2260
1032 2261
1597 2262
840 2263
1755 2264
558 2265
1010 2266
3248 2267
3157 2268
1275 2269
8 2270
361 2271
553 2272
1648 2273
741 2274
2116 2275
1371 2276
2615 2277
546 2278
2643 2279
2138 2280
3479 2281
2193 2282
2 2283
2143 2284
1967 2285
2161 2286
653 2287
3489 2288
2253 2289
1126 2290
2409 2291
1566 2292
3584 2293
3590 2294
3591 2295
3529 2296
2959 2297
2829 2298
1792 2299
2334 2300
165 2301
1438 2302
170 2303
227 2304
1287 2305
465 2306
861 2307
1429 2308
2133 2309
3555 2310
10 2311
2082 2312
2657 2313
2346 2314
426 2315
1353 2316
1266 2317
2961 2318
2724 2319
1128 2320
2787 2321
1330 2322
1970 2323
2148 2324
1389 2325
1972 2326
1995 2327
1971 2328
1983 2329
1986 2330
1969 2331
1976 2332
1978 2333
1985 2334
1980 2335
1988 2336
2460 2337
1326 2338
2122 2339
2465 2340
1987 2341
1981 2342
1979 2343
1977 2344
1241 2345
1645 2346
70 2347
3476 2348
2617 2349
3264 2350
1717 2351
2279 2352
724 2353
2328 2354
1771 2355
273 2356
532 2357
1644 2358
2898 2359
2389 2360
2107 2361
177 2362
1999 2363
152 2364
1342 2365
3259 2366
2443 2367
2801 2368
1059 2369
3358 2370
587 2371
543 2372
105 2373
802 2374
2297 2375
852 2376
417 2377
468 2378
222 2379
3046 2380
353 2381
2424 2382
2496 2383
266 2384
1441 2385
140 2386
1541 2387
1821 2388
1593 2389
691 2390
1457 2391
237 2392
550 2393
289 2394
736 2395
1894 2396
207 2397
447 2398
182 2399
168 2400
195 2401
3261 2402
2316 2403
1479 2404
3436 2405
499 2406
179 2407
64 2408
2774 2409
258 2410
15 2411
1556 2412
427 2413
1483 2414
1184 2415
141 2416
1425 2417
368 2418
180 2419
104 2420
2539 2421
542 2422
719 2423
838 2424
1799 2425
218 2426
3331 2427
3405 2428
2406 2429
2991 2430
648 2431
3082 2432
3443 2433
490 2434
1047 2435
3441 2436
1552 2437
3444 2438
2006 2439
145 2440
2990 2441
494 2442
2476 2443
303 2444
1385 2445
3274 2446
552 2447
1687 2448
434 2449
786 2450
1488 2451
459 2452
1833 2453
1100 2454
1769 2455
1616 2456
479 2457
2126 2458
464 2459
71 2460
485 2461
315 2462
44 2463
204 2464
1004 2465
694 2466
1497 2467
1681 2468
502 2469
1626 2470
2268 2471
493 2472
1805 2473
1620 2474
22 2475
2764 2476
3247 2477
2561 2478
1598 2479
1588 2480
3392 2481
2918 2482
3360 2483
2371 2484
2862 2485
59 2486
2921 2487
2032 2488
2352 2489
1175 2490
2203 2491
1069 2492
3406 2493
799 2494
524 2495
1562 2496
381 2497
3385 2498
2416 2499
2752 2500
2860 2501
2880 2502
112 2503
1615 2504
577 2505
761 2506
2322 2507
1744 2508
2761 2509
3020 2510
288 2511
996 2512
95 2513
3430 2514
208 2515
1382 2516
1499 2517
2748 2518
2708 2519
3512 2520
3301 2521
954 2522
3519 2523
932 2524
3341 2525
2522 2526
60 2527
2883 2528
2711 2529
1209 2530
3093 2531
2922 2532
1008 2533
964 2534
1378 2535
2478 2536
416 2537
3000 2538
2993 2539
163 2540
2344 2541
1772 2542
2367 2543
2475 2544
2735 2545
2616 2546
2468 2547
1606 2548
462 2549
1262 2550
314 2551
2970 2552
3153 2553
2135 2554
1085 2555
158 2556
2822 2557
2405 2558
2088 2559
2043 2560
2950 2561
595 2562
1025 2563
2015 2564
586 2565
2098 2566
1016 2567
3419 2568
2511 2569
2110 2570
1791 2571
2023 2572
81 2573
762 2574
2937 2575
946 2576
1948 2577
2936 2578
936 2579
52 2580
2618 2581
248 2582
489 2583
413 2584
2718 2585
937 2586
639 2587
3491 2588
1845 2589
2290 2590
2696 2591
156 2592
2136 2593
3451 2594
2145 2595
2261 2596
2295 2597
3087 2598
1485 2599
3244 2600
3506 2601
3497 2602
2870 2603
2356 2604
2567 2605
3120 2606
2558 2607
371 2608
2469 2609
2780 2610
2372 2611
2072 2612
2793 2613
1440 2614
3045 2615
2796 2616
2374 2617
2375 2618
2413 2619
1474 2620
1461 2621
3343 2622
2891 2623
305 2624
2259 2625
2473 2626
19 2627
1381 2628
419 2629
3010 2630
1759 2631
2351 2632
2310 2633
1053 2634
3163 2635
3135 2636
1942 2637
1186 2638
2969 2639
1411 2640
621 2641
2345 2642
944 2643
501 2644
1844 2645
2398 2646
2202 2647
982 2648
1660 2649
1693 2650
3347 2651
1245 2652
97 2653
233 2654
973 2655
2621 2656
1302 2657
1836 2658
3078 2659
848 2660
1701 2661
2192 2662
72 2663
538 2664
1829 2665
3211 2666
2976 2667
1596 2668
3480 2669
2551 2670
14 2671
161 2672
2929 2673
1290 2674
2240 2675
832 2676
917 2677
1190 2678
3158 2679
2479 2680
3298 2681
35 2682
580 2683
523 2684
2285 2685
2590 2686
1841 2687
3556 2688
3618 2689
3328 2690
2283 2691
3624 2692
3206 2693
1733 2694
3701 2695
3649 2696
1889 2697
3783 2698
3192 2699
2935 2700
3738 2701
3742 2702
2839 2703
3456 2704
3756 2705
3245 2706
3861 2707
3749 2708
3795 2709
3894 2710
2704 2711
3685 2712
3910 2713
3569 2714
3668 2715
3699 2716
3684 2717
3822 2718
3536 2719
2962 2720
1684 2721
3834 2722
3638 2723
3909 2724
2062 2725
1854 2726
46 2727
1835 2728
3746 2729
3633 2730
3769 2731
3763 2732
3635 2733
1033 2734
1526 2735
3503 2736
2204 2737
3384 2738
1147 2739
2057 2740
1035 2741
3061 2742
2996 2743
2721 2744
2907 2745
3118 2746
3186 2747
1672 2748
2404 2749
3225 2750
3416 2751
668 2752
363 2753
3115 2754
3287 2755
2562 2756
506 2757
1571 2758
3623 2759
3578 2760
2596 2761
3604 2762
3606 2763
1030 2764
2092 2765
382 2766
481 2767
2766 2768
2836 2769
2844 2770
1996 2771
828 2772
3074 2773
73 2774
1997 2775
1873 2776
2154 2777
2383 2778
2788 2779
2457 2780
304 2781
3040 2782
69 2783
88 2784
433 2785
1390 2786
513 2787
2587 2788
376 2789
20 2790
387 2791
886 2792
1752 2793
1388 2794
2815 2795
2373 2796
3440 2797
3439 2798
3066 2799
516 2800
1445 2801
383 2802
458 2803
1892 2804
1545 2805
114 2806
225 2807
2269 2808
89 2809
2340 2810
3073 2811
1666 2812
1043 2813
2292 2814
565 2815
842 2816
2784 2817
879 2818
742 2819
1130 2820
2554 2821
2782 2822
1341 2823
328 2824
1327 2825
330 2826
2519 2827
2459 2828
220 2829
1346 2830
2149 2831
2121 2832
2451 2833
2338 2834
2113 2835
2163 2836
2119 2837
2430 2838
3036 2839
2370 2840
3345 2841
836 2842
2537 2843
2851 2844
2153 2845
3062 2846
2273 2847
517 2848
3165 2849
2741 2850
2276 2851
2506 2852
351 2853
362 2854
2162 2855
1547 2856
2078 2857
1919 2858
1688 2859
1021 2860
1018 2861
2037 2862
2120 2863
2327 2864
2789 2865
2655 2866
1984 2867
2902 2868
2005 2869
2033 2870
2139 2871
2123 2872
1881 2873
2252 2874
678 2875
1095 2876
412 2877
3366 2878
647 2879
2106 2880
1472 2881
2956 2882
1804 2883
3076 2884
3371 2885
1935 2886
2577 2887
1651 2888
1507 2889
2166 2890
1178 2891
1224 2892
602 2893
2494 2894
2066 2895
2182 2896
3702 2897
3700 2898
3730 2899
3871 2900
3836 2901
3813 2902
3811 2903
3809 2904
3808 2905
760 2906
3367 2907
155 2908
2669 2909
3628 2910
3724 2911
1670 2912
3372 2913
3178 2914
1946 2915
144 2916
3789 2917
3634 2918
3654 2919
3873 2920
2550 2921
3144 2922
1161 2923
3733 2924
3729 2925
1362 2926
2932 2927
3445 2928
3389 2929
3317 2930
3538 2931
1227 2932
2792 2933
85 2934
2284 2935
2488 2936
662 2937
229 2938
2803 2939
259 2940
3614 2941
3706 2942
3676 2943
3707 2944
841 2945
3788 2946
3812 2947
1519 2948
3947 2949
1658 2950
3686 2951
1003 2952
3249 2953
2423 2954
929 2955
2861 2956
2232 2957
2800 2958
1401 2959
3284 2960
2440 2961
2399 2962
3189 2963
2170 2964
1359 2965
2665 2966
423 2967
2314 2968
1667 2969
2928 2970
1422 2971
2306 2972
2445 2973
1848 2974
2180 2975
1515 2976
743 2977
533 2978
445 2979
13 2980
2505 2981
801 2982
365 2983
1627 2984
1920 2985
2429 2986
540 2987
575 2988
2498 2989
370 2990
2052 2991
1665 2992
2977 2993
2354 2994
3387 2995
415 2996
191 2997
2521 2998
87 2999
2974 3000
1731 3001
2566 3002
3054 3003
747 3004
2386 3005
3327 3006
3510 3007
2940 3008
3594 3009
3753 3010
3409 3011
3897 3012
3949 3013
3952 3014
3914 3015
3825 3016
3250 3017
477 3018
627 3019
55 3020
2250 3021
3713 3022
685 3023
2272 3024
1038 3025
3145 3026
1589 3027
2432 3028
2165 3029
1009 3030
1487 3031
3478 3032
491 3033
3500 3034
1609 3035
2967 3036
3557 3037
239 3038
276 3039
3802 3040
463 3041
257 3042
1023 3043
1024 3044
2099 3045
3759 3046
1011 3047
2040 3048
3793 3049
1754 3050
3889 3051
3948 3052
3917 3053
3877 3054
3316 3055
3863 3056
3744 3057
3534 3058
3946 3059
3798 3060
3681 3061
3723 3062
3844 3063
3608 3064
3672 3065
2190 3066
2141 3067
3712 3068
203 3069
3791 3070
3826 3071
2504 3072
3715 3073
781 3074
3716 3075
3564 3076
3835 3077
2422 3078
3717 3079
386 3080
2525 3081
3238 3082
1218 3083
3452 3084
2041 3085
2188 3086
3513 3087
3502 3088
3077 3089
3784 3090
1361 3091
3338 3092
3004 3093
3588 3094
2885 3095
3374 3096
3459 3097
1202 3098
2397 3099
3138 3100
2738 3101
2749 3102
2417 3103
2418 3104
2942 3105
2925 3106
3283 3107
3420 3108
2535 3109
3428 3110
2051 3111
2394 3112
3484 3113
3477 3114
1895 3115
3466 3116
1750 3117
1583 3118
159 3119
2437 3120
507 3121
1856 3122
1279 3123
518 3124
1417 3125
82 3126
444 3127
2846 3128
2905 3129
3091 3130
3096 3131
670 3132
2731 3133
681 3134
1927 3135
1131 3136
2210 3137
934 3138
976 3139
3304 3140
897 3141
1277 3142
1064 3143
2184 3144
2212 3145
941 3146
3047 3147
1840 3148
970 3149
3310 3150
2379 3151
12 3152
3368 3153
3475 3154
1933 3155
3110 3156
2495 3157
3585 3158
2633 3159
1932 3160
2820 3161
3188 3162
3810 3163
313 3164
711 3165
1015 3166
2079 3167
181 3168
2142 3169
1592 3170
2095 3171
2017 3172
3754 3173
2031 3174
3674 3175
2050 3176
3841 3177
3704 3178
3639 3179
3710 3180
1661 3181
3728 3182
3457 3183
3200 3184
171 3185
581 3186
309 3187
277 3188
147 3189
2060 3190
564 3191
1034 3192
2927 3193
41 3194
2171 3195
846 3196
645 3197
1624 3198
322 3199
57 3200
271 3201
1051 3202
1816 3203
408 3204
94 3205
1943 3206
632 3207
718 3208
63 3209
569 3210
3617 3211
2073 3212
3214 3213
1257 3214
2453 3215
3688 3216
3525 3217
3698 3218
3577 3219
2044 3220
2264 3221
2816 3222
2381 3223
2458 3224
3391 3225
2382 3226
3785 3227
2978 3228
275 3229
2249 3230
3752 3231
3773 3232
3911 3233
804 3234
3745 3235
3515 3236
3893 3237
2768 3238
414 3239
2436 3240
2661 3241
1167 3242
3615 3243
521 3244
3266 3245
1523 3246
1743 3247
1310 3248
2689 3249
77 3250
297 3251
3335 3252
2265 3253
101 3254
663 3255
2500 3256
2447 3257
3243 3258
3254 3259
3544 3260
166 3261
65 3262
2380 3263
3495 3264
1112 3265
893 3266
1563 3267
175 3268
3437 3269
2435 3270
697 3271
3593 3272
3596 3273
3271 3274
346 3275
482 3276
18 3277
117 3278
228 3279
2806 3280
1866 3281
1599 3282
2101 3283
925 3284
2267 3285
1464 3286
451 3287
2583 3288
335 3289
360 3290
1498 3291
2497 3292
1463 3293
1475 3294
2597 3295
270 3296
2586 3297
1675 3298
422 3299
2320 3300
554 3301
2326 3302
990 3303
132 3304
79 3305
640 3306
3516 3307
3600 3308
3602 3309
3520 3310
3605 3311
3610 3312
2156 3313
1937 3314
1414 3315
635 3316
1113 3317
1621 3318
3355 3319
3399 3320
1205 3321
2924 3322
2275 3323
704 3324
393 3325
3213 3326
2084 3327
1739 3328
1973 3329
2810 3330
2195 3331
234 3332
810 3333
126 3334
998 3335
2963 3336
49 3337
1484 3338
3786 3339
113 3340
193 3341
3181 3342
1509 3343
3116 3344
3433 3345
3434 3346
3258 3347
2733 3348
3390 3349
3349 3350
76 3351
1152 3352
2365 3353
547 3354
438 3355
3432 3356
1495 3357
2817 3358
667 3359
3431 3360
1720 3361
2582 3362
2368 3363
839 3364
2899 3365
421 3366
631 3367
1654 3368
2035 3369
960 3370
2205 3371
2589 3372
2151 3373
255 3374
1612 3375
3069 3376
3217 3377
3423 3378
650 3379
3141 3380
2653 3381
2637 3382
2646 3383
2638 3384
2634 3385
1337 3386
2654 3387
2647 3388
2649 3389
3013 3390
2651 3391
1655 3392
332 3393
2868 3394
2515 3395
2315 3396
3021 3397
2982 3398
2452 3399
1992 3400
2462 3401
1998 3402
1993 3403
2903 3404
891 3405
2790 3406
1329 3407
2983 3408
2992 3409
3103 3410
1746 3411
1936 3412
3587 3413
725 3414
1753 3415
3896 3416
242 3417
1925 3418
2939 3419
206 3420
2988 3421
2573 3422
1067 3423
3532 3424
3394 3425
3678 3426
498 3427
3814 3428
751 3429
3866 3430
3872 3431
3929 3432
793 3433
3509 3434
3855 3435
3862 3436
254 3437
3299 3438
1511 3439
3486 3440
2667 3441
3375 3442
2663 3443
3488 3444
2656 3445
2814 3446
2652 3447
1468 3448
613 3449
559 3450
511 3451
2636 3452
2579 3453
1255 3454
2293 3455
556 3456
2536 3457
103 3458
2493 3459
2568 3460
2260 3461
3565 3462
3007 3463
1901 3464
3142 3465
1875 3466
3581 3467
3882 3468
3852 3469
1870 3470
1564 3471
2864 3472
1904 3473
3625 3474
3718 3475
1105 3476
1421 3477
3185 3478
1352 3479
3177 3480
3146 3481
3180 3482
1671 3483
835 3484
3597 3485
3950 3486
612 3487
1456 3488
122 3489
2783 3490
1331 3491
2740 3492
606 3493
3598 3494
3559 3495
3415 3496
84 3497
1046 3498
1406 3499
214 3500
1116 3501
2029 3502
2865 3503
352 3504
324 3505
3357 3506
3755 3507
3859 3508
3831 3509
3747 3510
1535 3511
2540 3512
3868 3513
3286 3514
3038 3515
3199 3516
3324 3517
3916 3518
291 3519
3106 3520
3533 3521
615 3522
240 3523
956 3524
2131 3525
1076 3526
2650 3527
927 3528
962 3529
775 3530
2847 3531
1160 3532
347 3533
2682 3534
2753 3535
746 3536
1446 3537
184 3538
1000 3539
2878 3540
3490 3541
1989 3542
3487 3543
1068 3544
3049 3545
2187 3546
3275 3547
2236 3548
829 3549
456 3550
2263 3551
2246 3552
3221 3553
3571 3554
3570 3555
389 3556
2744 3557
473 3558
1324 3559
2516 3560
2007 3561
570 3562
452 3563
1613 3564
268 3565
409 3566
215 3567
806 3568
3339 3569
2893 3570
2607 3571
2884 3572
3465 3573
2888 3574
881 3575
135 3576
312 3577
278 3578
3031 3579
813 3580
833 3581
472 3582
1550 3583
2317 3584
2027 3585
1604 3586
2242 3587
3041 3588
2896 3589
487 3590
2055 3591
3427 3592
3646 3593
809 3594
2606 3595
2856 3596
121 3597
2639 3598
3402 3599
1865 3600
1123 3601
2659 3602
3554 3603
3414 3604
3235 3605
116 3606
869 3607
1647 3608
2255 3609
3043 3610
3622 3611
1837 3612
710 3613
470 3614
505 3615
102 3616
3042 3617
2585 3618
709 3619
3393 3620
798 3621
2594 3622
2507 3623
2281 3624
210 3625
467 3626
3425 3627
1703 3628
267 3629
2798 3630
217 3631
189 3632
1585 3633
1857 3634
449 3635
984 3636
2952 3637
1050 3638
1191 3639
436 3640
3063 3641
302 3642
1600 3643
3620 3644
209 3645
3682 3646
544 3647
3680 3648
3770 3649
3780 3650
2889 3651
2191 3652
3679 3653
2879 3654
3740 3655
1906 3656
619 3657
3326 3658
2549 3659
384 3660
3127 3661
3827 3662
3901 3663
9 3664
1812 3665
525 3666
2610 3667
3830 3668
3821 3669
83 3670
563 3671
2271 3672
3838 3673
40 3674
874 3675
2325 3676
2674 3677
782 3678
2461 3679
3109 3680
3268 3681
1450 3682
1692 3683
2483 3684
321 3685
3483 3686
1432 3687
2714 3688
1686 3689
3869 3690
1058 3691
1640 3692
957 3693
3731 3694
2227 3695
1460 3696
1477 3697
2773 3698
3292 3699
61 3700
2548 3701
1325 3702
1328 3703
1322 3704
294 3705
548 3706
3344 3707
2256 3708
3026 3709
769 3710
528 3711
1363 3712
1758 3713
484 3714
2045 3715
888 3716
2695 3717
3492 3718
238 3719
96 3720
3137 3721
1317 3722
1398 3723
2892 3724
807 3725
987 3726
3232 3727
1695 3728
3012 3729
1896 3730
3417 3731
2776 3732
2630 3733
1428 3734
2177 3735
2523 3736
1496 3737
3711 3738
295 3739
3675 3740
3599 3741
1669 3742
131 3743
1482 3744
2307 3745
2835 3746
1898 3747
201 3748
3403 3749
1410 3750
3619 3751
1677 3752
2350 3753
2767 3754
3048 3755
2257 3756
2786 3757
2799 3758
2756 3759
1860 3760
536 3761
3566 3762
3771 3763
3792 3764
3760 3765
3807 3766
3764 3767
3816 3768
3927 3769
3758 3770
3937 3771
3930 3772
3926 3773
3725 3774
3801 3775
3787 3776
118 3777
3689 3778
3732 3779
3743 3780
2341 3781
2777 3782
3708 3783
3669 3784
3697 3785
3690 3786
3579 3787
3580 3788
3537 3789
2169 3790
1826 3791
2691 3792
23 3793
2305 3794
1063 3795
2965 3796
3302 3797
3858 3798
3794 3799
2681 3800
93 3801
3223 3802
2853 3803
3218 3804
3613 3805
638 3806
74 3807
301 3808
469 3809
1632 3810
779 3811
1668 3812
2426 3813
3632 3814
3637 3815
27 3816
211 3817
3714 3818
343 3819
2197 3820
119 3821
3629 3822
68 3823
2415 3824
3306 3825
3709 3826
3885 3827
1728 3828
1490 3829
3719 3830
37 3831
1798 3832
2809 3833
567 3834
2727 3835
1154 3836
854 3837
850 3838
669 3839
1351 3840
3531 3841
2849 3842
715 3843
1631 3844
3562 3845
3586 3846
3313 3847
1404 3848
78 3849
882 3850
424 3851
1044 3852
2449 3853
2876 3854
885 3855
2280 3856
716 3857
478 3858
1436 3859
626 3860
656 3861
1439 3862
243 3863
2552 3864
3511 3865
3720 3866
390 3867
522 3868
1473 3869
2482 3870
3309 3871
2196 3872
1869 3873
3563 3874
1867 3875
1853 3876
2128 3877
486 3878
1679 3879
867 3880
453 3881
174 3882
2026 3883
1756 3884
1990 3885
2514 3886
2754 3887
1323 3888
3662 3889
3661 3890
3846 3891
3840 3892
3766 3893
3612 3894
3920 3895
3727 3896
824 3897
3925 3898
331 3899
1824 3900
618 3901
3705 3902
391 3903
1662 3904
732 3905
2812 3906
1532 3907
283 3908
1601 3909
510 3910
2201 3911
100 3912
3553 3913
443 3914
3653 3915
3319 3916
1910 3917
483 3918
617 3919
369 3920
764 3921
406 3922
1420 3923
753 3924
2347 3925
2047 3926
2400 3927
2593 3928
1180 3929
274 3930
336 3931
1054 3932
197 3933
503 3934
1767 3935
703 3936
354 3937
167 3938
633 3939
3539 3940
3453 3941
896 3942
3765 3943
3002 3944
2323 3945
3677 3946
2930 3947
178 3948
3055 3949
149 3950
1922 3951
3741 3952
2614 3953
202 3954
3574 3955
1087 3956
2886 3957
3864 3958
2049 3959
3736 3960
2221 3961
1335 3962
3442 3963
2818 3964
3240 3965
1574 3966
3903 3967
3464 3968
1071 3969
1232 3970
3643 3971
3514 3972
3775 3973
3879 3974
3446 3975
3645 3976
1119 3977
2964 3978
3626 3979
3627 3980
3900 3981
3908 3982
3895 3983
3865 3984
2923 3985
3804 3986
877 3987
1502 3988
3027 3989
2737 3990
1525 3991
3470 3992
3636 3993
1822 3994
1426 3995
3644 3996
1164 3997
1902 3998
219 3999
603 4000
3790 4001
3241 4002
1151 4003
1349 4004
1336 4005
2446 4006
2769 4007
600 4008
2298 4009
1636 4010
3616 4011
3898 4012
2509 4013
2833 4014
3117 4015
2008 4016
3474 4017
847 4018
1887 4019
3734 4020
1770 4021
3184 4022
1807 4023
997 4024
2679 4025
3122 4026
1928 4027
2981 4028
2984 4029
1849 4030
1551 4031
876 4032
1117 4033
53 4034
2388 4035
1508 4036
1114 4037
38 4038
3400 4039
2834 4040
3190 4041
2499 4042
1656 4043
3655 4044
3737 4045
2179 4046
3806 4047
3824 4048
3906 4049
583 4050
1825 4051
3935 4052
1572 4053
2211 4054
99 4055
75 4056
705 4057
128 4058
2342 4059
392 4060
3782 4061
3781 4062
3670 4063
3154 4064
3767 4065
3768 4066
3320 4067
2897 4068
3693 4069
2843 4070
665 4071
614 4072
3915 4073
1903 4074
2086 4075
1121 4076
3660 4077
3673 4078
3658 4079
3936 4080
811 4081
1313 4082
3851 4083
1169 4084
3567 4085
1782 4086
359 4087
1514 4088
3207 4089
3849 4090
2632 4091
1415 4092
1533 4093
3884 4094
3064 4095
3454 4096
3691 4097
2831 4098
2945 4099
568 4100
2215 4101
3664 4102
3663 4103
3943 4104
3874 4105
137 4106
136 4107
2103 4108
56 4109
146 4110
54 4111
1489 4112
771 4113
2559 4114
90 4115
566 4116
1749 4117
3473 4118
3739 4119
3880 4120
3568 4121
129 4122
2904 4123
3092 4124
250 4125
1486 4126
375 4127
2755 4128
3692 4129
3183 4130
2339 4131
385 4132
3139 4133
974 4134
958 4135
3171 4136
755 4137
3215 4138
2209 4139
2185 4140
264 4141
1696 4142
106 4143
2994 4144
1458 4145
2481 4146
3124 4147
2743 4148
767 4149
3799 4150
3001 4151
2979 4152
2778 4153
3592 4154
3293 4155
1423 4156
1715 4157
2627 4158
831 4159
1879 4160
2074 4161
2785 4162
1814 4163
2244 4164
992 4165
3648 4166
3659 4167
3665 4168
1725 4169
3694 4170
3311 4171
609 4172
244 4173
1893 4174
3945 4175
98 4176
496 4177
1002 4178
2765 4179
3913 4180
3854 4181
2913 4182
3933 4183
3931 4184
3919 4185
124 4186
3833 4187
3696 4188
939 4189
1437 4190
3820 4191
754 4192
2477 4193
411 4194
1055 4195
3774 4196
3886 4197
3667 4198
1817 4199
1534 4200
1531 4201
2850 4202
2207 4203
1455 4204
2998 4205
3540 4206
2175 4207
3912 4208
279 4209
3161 4210
148 4211
2911 4212
3951 4213
1549 4214
1864 4215
2933 4216
3726 4217
2813 4218
1859 4219
1529 4220
1501 4221
1811 4222
3657 4223
3640 4224
1664 4225
3823 4226
863 4227
1926 4228
2837 4229
1493 4230
1850 4231
1567 4232
3857 4233
3652 4234
2824 4235
310 4236
3303 4237
1170 4238
2855 4239
3867 4240
2158 4241
1793 4242
1153 4243
3642 4244
3025 4245
2534 4246
2332 4247
3222 4248
394 4249
2486 4250
3463 4251
2914 4252
2544 4253
1538 4254
3695 4255
2200 4256
526 4257
1144 4258
3239 4259
1899 4260
2056 4261
1384 4262
1369 4263
3333 4264
430 4265
698 4266
3803 4267
3845 4268
3870 4269
3928 4270
3932 4271
3850 4272
3778 4273
864 4274
659 4275
108 4276
1311 4277
251 4278
1539 4279
598 4280
1718 4281
2931 4282
3050 4283
1565 4284
2219 4285
2775 4286
3776 4287
2675 4288
3058 4289
3942 4290
3941 4291
3940 4292
3939 4293
3938 4294
3922 4295
3921 4296
3918 4297
3666 4298
3761 4299
3346 4300
2854 4301
3276 4302
3905 4303
3757 4304
2304 4305
1880 4306
2658 4307
561 4308
560 4309
1575 4310
3410 4311
3796 4312
1433 4313
200 4314
664 4315
1741 4316
2569 4317
966 4318
1890 4319
2234 4320
2164 4321
3721 4322
3923 4323
1174 4324
1312 4325
726 4326
1181 4327
2444 4328
2608 4329
2063 4330
3121 4331
1878 4332
3318 4333
2873 4334
3818 4335
1163 4336
3817 4337
2189 4338
1444 4339
1040 4340
1520 4341
3883 4342
3860 4343
2129 4344
3162 4345
860 4346
287 4347
844 4348
1522 4349
3003 4350
3166 4351
1026 4352
972 4353
1930 4354
397 4355
3853 4356
3805 4357
3641 4358
2635 4359
3837 4360
3797 4361
3832 4362
1570 4363
3847 4364
2466 4365
3523 4366
3351 4367
1659 4368
2666 4369
3777 4370
3843 4371
3839 4372
2760 4373
3848 4374
1138 4375
1168 4376
245 4377
652 4378
1780 4379
3878 4380
3924 4381
630 4382
2830 4383
1685 4384
1622 4385
2545 4386
460 4387
1098 4388
2631 4389
980 4390
1383 4391
3611 4392
1891 4393
3056 4394
2673 4395
3140 4396
3934 4397
2934 4398
815 4399
3892 4400
2705 4401
2557 4402
3902 4403
2602 4404
3875 4405
2233 4406
2061 4407
2538 4408
2487 4409
212 4410
2464 4411
3944 4412
3891 4413
1471 4414
1796 4415
1543 4416
