org_id remap_id
6040 0
6039 1
6038 2
6037 3
6036 4
6035 5
6034 6
6033 7
6032 8
6031 9
6030 10
6029 11
6028 12
6027 13
6026 14
6025 15
6024 16
6023 17
6022 18
6021 19
6020 20
6019 21
6018 22
6017 23
6016 24
6015 25
6014 26
6013 27
6012 28
6011 29
6010 30
6009 31
6007 32
6008 33
6006 34
6005 35
6004 36
6003 37
6002 38
6001 39
6000 40
5999 41
5998 42
5997 43
5996 44
5995 45
5994 46
5993 47
5992 48
5991 49
5990 50
5989 51
5988 52
5987 53
5986 54
5984 55
5983 56
5982 57
5981 58
5979 59
5980 60
5978 61
5977 62
5976 63
5975 64
5974 65
5973 66
5972 67
5971 68
5970 69
5969 70
5968 71
5967 72
5966 73
5965 74
5964 75
5963 76
5962 77
5961 78
5960 79
5959 80
5958 81
5957 82
5956 83
5955 84
5954 85
5953 86
5952 87
5951 88
5950 89
5948 90
5947 91
5946 92
5945 93
5944 94
5943 95
5942 96
5941 97
5940 98
5939 99
5938 100
5937 101
5949 102
5936 103
5935 104
5934 105
5933 106
5932 107
5931 108
5930 109
5929 110
5928 111
5927 112
5926 113
5925 114
5924 115
5923 116
5922 117
5921 118
5920 119
5919 120
5918 121
5917 122
5916 123
5915 124
5914 125
5913 126
5912 127
5911 128
5910 129
5909 130
5908 131
5907 132
5906 133
5905 134
5904 135
5903 136
5902 137
5901 138
5900 139
5899 140
5898 141
5897 142
5896 143
5895 144
5894 145
5893 146
5892 147
5891 148
5890 149
5889 150
5888 151
5887 152
5886 153
5885 154
5884 155
5883 156
5881 157
5882 158
5880 159
5879 160
5878 161
5877 162
5876 163
5875 164
5874 165
5873 166
5872 167
5871 168
5870 169
5869 170
5868 171
5867 172
5866 173
5865 174
5864 175
5863 176
5862 177
5861 178
5860 179
5859 180
5858 181
5857 182
5856 183
5855 184
5854 185
5853 186
5852 187
5851 188
5850 189
5849 190
5848 191
5847 192
5846 193
5845 194
5844 195
5843 196
5842 197
5841 198
5840 199
5839 200
5838 201
5837 202
5836 203
5835 204
5834 205
5833 206
5832 207
5831 208
5830 209
5829 210
5828 211
5827 212
5826 213
5825 214
5824 215
5823 216
5822 217
5821 218
5820 219
5819 220
5818 221
5817 222
5816 223
5815 224
5814 225
5813 226
5812 227
5811 228
5810 229
5809 230
5808 231
5807 232
5806 233
5805 234
5804 235
5803 236
5802 237
5801 238
5800 239
5799 240
5798 241
5797 242
5796 243
5795 244
5794 245
5793 246
5792 247
5791 248
5790 249
5789 250
5788 251
5787 252
5786 253
5785 254
5784 255
5783 256
5782 257
5781 258
5780 259
5779 260
5778 261
5777 262
5776 263
5775 264
5774 265
5773 266
5772 267
5771 268
5770 269
5769 270
5768 271
5767 272
5766 273
5765 274
5764 275
5763 276
5762 277
5761 278
5760 279
5759 280
5758 281
5757 282
5756 283
5755 284
5754 285
5753 286
5752 287
5751 288
5750 289
5749 290
5748 291
5747 292
5746 293
5745 294
5744 295
5743 296
5742 297
5741 298
5740 299
5739 300
5738 301
5737 302
5736 303
5735 304
5734 305
5733 306
5732 307
5731 308
5730 309
5729 310
5728 311
5727 312
5726 313
5725 314
5724 315
5723 316
5722 317
5721 318
5720 319
5719 320
5718 321
5717 322
5716 323
5715 324
5714 325
5713 326
5712 327
5711 328
5710 329
5709 330
5708 331
5707 332
5706 333
5705 334
5704 335
5703 336
5702 337
5701 338
5700 339
5699 340
5698 341
5697 342
5696 343
5695 344
5694 345
5693 346
5692 347
5691 348
5689 349
5690 350
5688 351
5687 352
5686 353
5685 354
5684 355
5683 356
5682 357
5681 358
5680 359
5679 360
5678 361
5677 362
5676 363
5675 364
5674 365
5673 366
5672 367
5671 368
5670 369
5669 370
5668 371
5667 372
5666 373
5665 374
5664 375
5663 376
5662 377
5661 378
5660 379
5659 380
5658 381
5657 382
5656 383
5655 384
5654 385
5653 386
5652 387
5651 388
5650 389
5649 390
5648 391
5647 392
5646 393
5645 394
5644 395
5643 396
5642 397
5641 398
5640 399
5639 400
5638 401
5637 402
5636 403
5635 404
5634 405
5633 406
5632 407
5631 408
5630 409
5629 410
5628 411
5627 412
5626 413
5625 414
5624 415
5623 416
5622 417
5621 418
5620 419
5619 420
5618 421
5617 422
5616 423
5615 424
5614 425
5613 426
5612 427
5611 428
5610 429
5609 430
5608 431
5607 432
5606 433
5605 434
5604 435
5603 436
5602 437
5601 438
5600 439
5599 440
5598 441
5597 442
5596 443
5595 444
5594 445
5593 446
5592 447
5591 448
5590 449
5589 450
5588 451
5587 452
5586 453
5585 454
5584 455
5583 456
5582 457
5581 458
5580 459
5578 460
5579 461
5577 462
5576 463
5575 464
5574 465
5573 466
5572 467
5571 468
5570 469
5569 470
5568 471
5567 472
5566 473
5565 474
5564 475
5563 476
5562 477
5561 478
5560 479
5559 480
5558 481
5557 482
5556 483
5555 484
5554 485
5553 486
5552 487
5551 488
5550 489
5549 490
5548 491
5547 492
5546 493
5545 494
5544 495
5543 496
5542 497
5541 498
5540 499
5539 500
5538 501
5537 502
5536 503
5535 504
5534 505
5533 506
5532 507
5531 508
5530 509
5529 510
5528 511
5527 512
5526 513
5525 514
5524 515
5523 516
5522 517
5521 518
5520 519
5519 520
5518 521
5517 522
5516 523
5515 524
5514 525
5513 526
5512 527
5511 528
5510 529
5509 530
5508 531
5507 532
5506 533
5505 534
5504 535
5503 536
5502 537
5501 538
5500 539
5499 540
5498 541
5497 542
5496 543
5495 544
5494 545
5493 546
5491 547
5490 548
5492 549
5489 550
5488 551
5487 552
5486 553
5485 554
5484 555
5483 556
5482 557
5481 558
5480 559
5479 560
5478 561
5477 562
5476 563
5474 564
5475 565
5473 566
5472 567
5471 568
5470 569
5469 570
5468 571
5466 572
5467 573
5465 574
5464 575
5463 576
5462 577
5461 578
5460 579
5459 580
5458 581
5457 582
5456 583
5455 584
5454 585
5453 586
5452 587
5451 588
5450 589
5449 590
5448 591
5447 592
5446 593
5445 594
5444 595
5443 596
5442 597
5441 598
5440 599
5439 600
5438 601
5437 602
5436 603
5435 604
5434 605
5433 606
5432 607
5431 608
5430 609
5429 610
5428 611
5427 612
5426 613
5425 614
5424 615
5423 616
5422 617
5421 618
5420 619
5419 620
5418 621
5417 622
5416 623
5415 624
5414 625
5413 626
5412 627
5411 628
5410 629
5409 630
5408 631
5407 632
5406 633
5405 634
5404 635
5403 636
5402 637
5401 638
5400 639
5399 640
5398 641
5397 642
5396 643
5395 644
5394 645
5393 646
5392 647
5391 648
5390 649
5389 650
5388 651
5387 652
5386 653
5385 654
5384 655
5383 656
5382 657
5381 658
5380 659
5379 660
5378 661
5377 662
5376 663
5375 664
5374 665
5373 666
5372 667
5371 668
5370 669
5369 670
5368 671
5366 672
5367 673
5365 674
5364 675
5363 676
5362 677
5361 678
5360 679
5359 680
5358 681
5357 682
5355 683
5356 684
5354 685
5353 686
5352 687
5985 688
5351 689
5350 690
5349 691
5348 692
5347 693
5346 694
5345 695
5344 696
5343 697
5342 698
5341 699
5340 700
5339 701
5338 702
5337 703
5336 704
5335 705
5334 706
5333 707
5332 708
5331 709
5330 710
5329 711
5328 712
5327 713
5326 714
5325 715
5324 716
5323 717
5322 718
5321 719
5320 720
5319 721
5318 722
5317 723
5316 724
5315 725
5314 726
5313 727
5312 728
5311 729
5310 730
5309 731
5308 732
5307 733
5306 734
5305 735
5304 736
5303 737
5302 738
5301 739
5300 740
5299 741
5298 742
5297 743
5296 744
5295 745
5294 746
5293 747
5292 748
5291 749
5290 750
5289 751
5288 752
5287 753
5286 754
5285 755
5284 756
5283 757
5282 758
5281 759
5280 760
5279 761
5278 762
5277 763
5276 764
5275 765
5274 766
5273 767
5272 768
5271 769
5270 770
5269 771
5268 772
5267 773
5266 774
5265 775
5264 776
5263 777
5262 778
5261 779
5260 780
5259 781
5258 782
5257 783
5256 784
5255 785
5254 786
5253 787
5252 788
5251 789
5250 790
5249 791
5248 792
5247 793
5246 794
5245 795
5244 796
5243 797
5242 798
5241 799
5240 800
5239 801
5238 802
5237 803
5236 804
5235 805
5234 806
5233 807
5232 808
5231 809
5230 810
5229 811
5228 812
5227 813
5225 814
5224 815
5223 816
5222 817
5221 818
5220 819
5219 820
5218 821
5217 822
5216 823
5215 824
5214 825
5213 826
5226 827
5212 828
5211 829
5210 830
5209 831
5208 832
5207 833
5206 834
5205 835
5204 836
5203 837
5202 838
5201 839
5200 840
5199 841
5198 842
5197 843
5196 844
5195 845
5194 846
5193 847
5192 848
5191 849
5190 850
5189 851
5188 852
5187 853
5186 854
5185 855
5184 856
5183 857
5182 858
5181 859
5180 860
5179 861
5178 862
5177 863
5176 864
5175 865
5174 866
5173 867
5171 868
5170 869
5169 870
5168 871
5167 872
5165 873
5166 874
5164 875
5163 876
5162 877
5161 878
5160 879
5159 880
5158 881
5156 882
5157 883
5155 884
5154 885
5153 886
5152 887
5151 888
5150 889
5149 890
5148 891
5147 892
5146 893
5145 894
5144 895
5143 896
5142 897
5141 898
5140 899
5139 900
5138 901
5137 902
5136 903
5135 904
5134 905
5133 906
5132 907
5131 908
5130 909
5129 910
5128 911
5127 912
5126 913
5125 914
5124 915
5123 916
5122 917
5121 918
5120 919
5119 920
5118 921
5117 922
5116 923
5115 924
5114 925
5113 926
5112 927
5111 928
5110 929
5109 930
5108 931
5107 932
5106 933
5105 934
5104 935
5103 936
5102 937
5100 938
5101 939
5099 940
5098 941
5097 942
5096 943
5095 944
5094 945
5093 946
5092 947
5091 948
5089 949
5090 950
5088 951
5087 952
5086 953
5085 954
5084 955
5083 956
5082 957
5081 958
5080 959
5079 960
5078 961
5077 962
5076 963
5075 964
5074 965
5073 966
5072 967
5071 968
5070 969
5068 970
5067 971
5066 972
5065 973
5064 974
5063 975
5062 976
5061 977
5060 978
5058 979
5059 980
5057 981
5056 982
5055 983
5054 984
5053 985
5052 986
5051 987
5050 988
5049 989
5048 990
5047 991
5046 992
5045 993
5044 994
5043 995
5042 996
5041 997
5040 998
5039 999
5038 1000
5037 1001
5036 1002
5035 1003
5034 1004
5033 1005
5032 1006
5031 1007
5030 1008
5029 1009
5028 1010
5027 1011
5026 1012
5025 1013
5069 1014
5024 1015
5023 1016
5022 1017
5021 1018
5020 1019
5019 1020
5018 1021
5017 1022
5016 1023
5015 1024
5013 1025
5014 1026
5012 1027
5011 1028
5010 1029
5008 1030
5009 1031
5007 1032
5006 1033
5005 1034
5004 1035
5003 1036
5002 1037
5001 1038
5000 1039
4999 1040
4998 1041
4997 1042
4996 1043
4995 1044
4993 1045
4994 1046
4992 1047
4991 1048
4990 1049
4989 1050
4988 1051
4986 1052
4987 1053
4985 1054
4984 1055
4983 1056
4982 1057
4981 1058
4980 1059
4979 1060
4978 1061
4977 1062
4976 1063
4975 1064
4974 1065
4973 1066
4972 1067
4971 1068
4970 1069
4968 1070
4969 1071
4967 1072
4966 1073
4965 1074
4964 1075
4963 1076
4962 1077
4961 1078
4960 1079
4959 1080
4958 1081
4957 1082
4956 1083
4955 1084
4954 1085
4953 1086
4952 1087
4951 1088
4950 1089
4949 1090
4948 1091
4947 1092
4946 1093
4945 1094
4944 1095
4943 1096
4942 1097
4941 1098
4940 1099
4939 1100
4938 1101
4937 1102
4936 1103
4935 1104
4934 1105
4933 1106
4932 1107
4931 1108
4930 1109
4929 1110
4928 1111
4927 1112
4926 1113
4925 1114
4924 1115
4923 1116
4922 1117
4921 1118
4920 1119
4919 1120
4918 1121
4917 1122
4916 1123
4915 1124
4914 1125
4913 1126
4912 1127
4911 1128
4910 1129
4909 1130
4908 1131
4907 1132
4906 1133
4905 1134
4904 1135
4903 1136
4902 1137
4901 1138
4900 1139
4899 1140
4898 1141
4897 1142
5172 1143
4895 1144
4894 1145
4893 1146
4892 1147
4891 1148
4890 1149
4889 1150
4888 1151
4887 1152
4886 1153
4885 1154
4884 1155
4883 1156
4882 1157
4881 1158
4880 1159
4879 1160
4878 1161
4877 1162
4876 1163
4875 1164
4874 1165
4873 1166
4871 1167
4872 1168
4870 1169
4869 1170
4868 1171
4867 1172
4866 1173
4865 1174
4864 1175
4863 1176
4862 1177
4861 1178
4860 1179
4859 1180
4858 1181
4857 1182
4856 1183
4855 1184
4854 1185
4853 1186
4852 1187
4851 1188
4849 1189
4848 1190
4850 1191
4847 1192
4846 1193
4845 1194
4844 1195
4843 1196
4842 1197
4841 1198
4840 1199
4839 1200
4838 1201
4837 1202
4836 1203
4835 1204
4834 1205
4833 1206
4832 1207
4831 1208
4830 1209
4829 1210
4828 1211
4827 1212
4826 1213
4825 1214
4824 1215
4823 1216
4822 1217
4821 1218
4820 1219
4819 1220
4818 1221
4817 1222
4816 1223
4815 1224
4814 1225
4813 1226
4812 1227
4811 1228
4810 1229
4809 1230
4808 1231
4807 1232
4806 1233
4805 1234
4804 1235
4803 1236
4802 1237
4801 1238
4800 1239
4799 1240
4798 1241
4797 1242
4796 1243
4795 1244
4794 1245
4793 1246
4792 1247
4791 1248
4790 1249
4788 1250
4789 1251
4787 1252
4786 1253
4785 1254
4784 1255
4783 1256
4782 1257
4781 1258
4780 1259
4779 1260
4778 1261
4777 1262
4776 1263
4775 1264
4774 1265
4773 1266
4772 1267
4771 1268
4770 1269
4769 1270
4768 1271
4767 1272
4766 1273
4765 1274
4764 1275
4763 1276
4762 1277
4761 1278
4760 1279
4759 1280
4758 1281
4757 1282
4756 1283
4755 1284
4754 1285
4753 1286
4752 1287
4751 1288
4750 1289
4749 1290
4748 1291
4747 1292
4746 1293
4745 1294
4744 1295
4743 1296
4742 1297
4741 1298
4740 1299
4739 1300
4738 1301
4737 1302
4736 1303
4735 1304
4734 1305
4733 1306
4732 1307
4731 1308
4730 1309
4729 1310
4728 1311
4727 1312
4726 1313
4725 1314
4724 1315
4723 1316
4722 1317
4721 1318
4720 1319
4719 1320
4718 1321
4716 1322
4715 1323
4714 1324
4713 1325
4712 1326
4711 1327
4717 1328
4710 1329
4709 1330
4708 1331
4707 1332
4706 1333
4705 1334
4704 1335
4703 1336
4702 1337
4701 1338
4700 1339
4699 1340
4698 1341
4697 1342
4696 1343
4695 1344
4694 1345
4693 1346
4692 1347
4691 1348
4690 1349
4689 1350
4688 1351
4687 1352
4686 1353
4685 1354
4684 1355
4683 1356
4682 1357
4681 1358
4680 1359
4679 1360
4678 1361
4677 1362
4676 1363
4675 1364
4674 1365
4673 1366
4672 1367
4671 1368
4670 1369
4669 1370
4668 1371
4896 1372
4667 1373
4666 1374
4665 1375
4664 1376
4663 1377
4662 1378
4661 1379
4660 1380
4659 1381
4658 1382
4657 1383
4656 1384
4655 1385
4654 1386
4653 1387
4652 1388
4651 1389
4650 1390
4649 1391
4648 1392
4647 1393
4646 1394
4645 1395
4644 1396
4643 1397
4642 1398
4641 1399
4640 1400
4639 1401
4638 1402
4637 1403
4636 1404
4635 1405
4634 1406
4633 1407
4632 1408
4631 1409
4630 1410
4629 1411
4628 1412
4627 1413
4626 1414
4625 1415
4624 1416
4622 1417
4621 1418
4620 1419
4619 1420
4618 1421
4617 1422
4616 1423
4615 1424
4614 1425
4613 1426
4612 1427
4611 1428
4610 1429
4609 1430
4608 1431
4607 1432
4606 1433
4605 1434
4604 1435
4603 1436
4602 1437
4601 1438
4600 1439
4599 1440
4598 1441
4623 1442
4597 1443
4596 1444
4595 1445
4594 1446
4593 1447
4592 1448
4591 1449
4590 1450
4589 1451
4588 1452
4587 1453
4586 1454
4585 1455
4584 1456
4583 1457
4582 1458
4581 1459
4580 1460
4579 1461
4578 1462
4577 1463
4575 1464
4574 1465
4573 1466
4572 1467
4576 1468
4571 1469
4570 1470
4569 1471
4568 1472
4567 1473
4566 1474
4565 1475
4564 1476
4563 1477
4562 1478
4561 1479
4560 1480
4559 1481
4558 1482
4557 1483
4556 1484
4555 1485
4554 1486
4553 1487
4552 1488
4551 1489
4550 1490
4549 1491
4548 1492
4547 1493
4546 1494
4545 1495
4544 1496
4543 1497
4542 1498
4541 1499
4540 1500
4539 1501
4538 1502
4537 1503
4536 1504
4535 1505
4534 1506
4533 1507
4532 1508
4531 1509
4530 1510
4529 1511
4528 1512
4527 1513
4526 1514
4525 1515
4524 1516
4523 1517
4522 1518
4521 1519
4520 1520
4519 1521
4518 1522
4517 1523
4516 1524
4513 1525
4512 1526
4511 1527
4510 1528
4509 1529
4508 1530
4507 1531
4506 1532
4505 1533
4503 1534
4502 1535
4501 1536
4515 1537
4500 1538
4499 1539
4498 1540
4497 1541
4496 1542
4495 1543
4494 1544
4493 1545
4492 1546
4491 1547
4490 1548
4489 1549
4488 1550
4504 1551
4487 1552
4486 1553
4485 1554
4484 1555
4483 1556
4482 1557
4481 1558
4480 1559
4479 1560
4478 1561
4477 1562
4476 1563
4475 1564
4474 1565
4473 1566
4471 1567
4472 1568
4470 1569
4469 1570
4468 1571
4467 1572
4466 1573
4465 1574
4464 1575
4463 1576
4462 1577
4461 1578
4460 1579
4459 1580
4458 1581
4457 1582
4456 1583
4455 1584
4454 1585
4453 1586
4451 1587
4452 1588
4449 1589
4450 1590
4448 1591
4447 1592
4446 1593
4445 1594
4444 1595
4443 1596
4442 1597
4441 1598
4440 1599
4439 1600
4438 1601
4437 1602
4436 1603
4435 1604
4434 1605
4433 1606
4432 1607
4431 1608
4430 1609
4429 1610
4428 1611
4427 1612
4426 1613
4425 1614
4424 1615
4423 1616
4422 1617
4421 1618
4420 1619
4419 1620
4418 1621
4417 1622
4416 1623
4415 1624
4414 1625
4413 1626
4412 1627
4411 1628
4410 1629
4409 1630
4408 1631
4407 1632
4406 1633
4405 1634
4404 1635
4403 1636
4402 1637
4401 1638
4398 1639
4396 1640
4397 1641
4399 1642
4400 1643
4395 1644
4394 1645
4392 1646
4393 1647
4391 1648
4390 1649
4389 1650
4388 1651
4386 1652
4387 1653
4385 1654
4384 1655
4383 1656
4382 1657
4381 1658
4380 1659
4379 1660
4378 1661
4377 1662
4376 1663
4375 1664
4374 1665
4373 1666
4372 1667
4371 1668
4370 1669
4369 1670
4368 1671
4367 1672
4366 1673
4365 1674
4364 1675
4363 1676
4362 1677
4361 1678
4360 1679
4359 1680
4358 1681
4357 1682
4356 1683
4355 1684
4354 1685
4353 1686
4352 1687
4351 1688
4350 1689
4349 1690
4348 1691
4347 1692
4346 1693
4345 1694
4344 1695
4343 1696
4342 1697
4341 1698
4340 1699
4339 1700
4338 1701
4337 1702
4336 1703
4335 1704
4334 1705
4333 1706
4332 1707
4331 1708
4330 1709
4329 1710
4328 1711
4327 1712
4326 1713
4325 1714
4324 1715
4323 1716
4322 1717
4321 1718
4320 1719
4319 1720
4317 1721
4316 1722
4315 1723
4314 1724
4313 1725
4311 1726
4312 1727
4310 1728
4309 1729
4308 1730
4307 1731
4306 1732
4305 1733
4304 1734
4303 1735
4514 1736
4302 1737
4301 1738
4300 1739
4299 1740
4298 1741
4297 1742
4296 1743
4295 1744
4293 1745
4294 1746
4292 1747
4291 1748
4290 1749
4289 1750
4288 1751
4287 1752
4286 1753
4285 1754
4284 1755
4283 1756
4282 1757
4281 1758
4280 1759
4279 1760
4278 1761
4277 1762
4276 1763
4275 1764
4274 1765
4272 1766
4273 1767
4271 1768
4269 1769
4270 1770
4268 1771
4267 1772
4266 1773
4265 1774
4264 1775
4263 1776
4262 1777
4261 1778
4260 1779
4259 1780
4258 1781
4256 1782
4257 1783
4255 1784
4254 1785
4252 1786
4253 1787
4251 1788
4250 1789
4249 1790
4248 1791
4247 1792
4246 1793
4245 1794
4244 1795
4242 1796
4241 1797
4240 1798
4239 1799
4238 1800
4243 1801
4237 1802
4236 1803
4235 1804
4234 1805
4233 1806
4232 1807
4231 1808
4230 1809
4229 1810
4227 1811
4226 1812
4225 1813
4228 1814
4224 1815
4222 1816
4223 1817
4221 1818
4220 1819
4219 1820
4218 1821
4217 1822
4216 1823
4215 1824
4214 1825
4213 1826
4212 1827
4211 1828
4210 1829
4209 1830
4208 1831
4206 1832
4205 1833
4207 1834
4204 1835
4202 1836
4203 1837
4201 1838
4200 1839
4199 1840
4198 1841
4197 1842
4196 1843
4195 1844
4194 1845
4193 1846
4192 1847
4191 1848
4190 1849
4189 1850
4188 1851
4187 1852
4186 1853
4184 1854
4183 1855
4182 1856
4181 1857
4180 1858
4178 1859
4179 1860
4177 1861
4176 1862
4175 1863
4174 1864
4173 1865
4172 1866
4171 1867
4170 1868
4169 1869
4167 1870
4165 1871
4166 1872
4168 1873
4164 1874
4163 1875
4162 1876
4161 1877
4160 1878
4185 1879
4159 1880
4158 1881
4157 1882
4155 1883
4156 1884
4318 1885
4154 1886
4153 1887
4152 1888
4151 1889
4150 1890
4149 1891
4148 1892
4147 1893
4146 1894
4145 1895
4144 1896
4143 1897
4142 1898
4141 1899
4140 1900
4138 1901
4139 1902
4137 1903
4136 1904
4135 1905
4134 1906
4133 1907
4132 1908
4131 1909
4130 1910
4129 1911
4128 1912
4127 1913
4126 1914
4125 1915
4124 1916
4122 1917
4123 1918
4121 1919
4120 1920
4119 1921
4118 1922
4117 1923
4116 1924
4115 1925
4114 1926
4113 1927
4112 1928
4111 1929
4110 1930
4109 1931
4108 1932
4107 1933
4106 1934
4105 1935
4104 1936
4103 1937
4102 1938
4101 1939
4100 1940
4099 1941
4098 1942
4097 1943
4096 1944
4095 1945
4094 1946
4093 1947
4092 1948
4091 1949
4090 1950
4089 1951
4088 1952
4087 1953
4086 1954
4085 1955
4084 1956
4083 1957
4082 1958
4081 1959
4080 1960
4079 1961
4077 1962
4078 1963
4076 1964
4075 1965
4074 1966
4073 1967
4072 1968
4071 1969
4070 1970
4069 1971
4068 1972
4067 1973
4066 1974
4065 1975
4064 1976
4063 1977
4062 1978
4061 1979
4060 1980
4059 1981
4058 1982
4057 1983
4056 1984
4055 1985
4053 1986
4054 1987
4052 1988
4051 1989
4050 1990
4049 1991
4048 1992
4047 1993
4046 1994
4045 1995
4044 1996
4043 1997
4042 1998
4041 1999
4040 2000
4039 2001
4038 2002
4037 2003
4036 2004
4035 2005
4034 2006
4033 2007
4032 2008
4031 2009
4030 2010
4029 2011
4028 2012
4027 2013
4026 2014
4025 2015
4024 2016
4023 2017
4022 2018
4021 2019
4020 2020
4019 2021
4018 2022
4017 2023
4016 2024
4015 2025
4014 2026
4013 2027
4012 2028
4011 2029
4010 2030
4009 2031
4008 2032
4007 2033
4006 2034
4005 2035
4004 2036
4003 2037
4002 2038
4001 2039
4000 2040
3999 2041
3998 2042
3997 2043
3996 2044
3995 2045
3994 2046
3993 2047
3992 2048
3991 2049
3990 2050
3989 2051
3988 2052
3987 2053
3986 2054
3985 2055
3984 2056
3983 2057
3982 2058
3981 2059
3980 2060
3979 2061
3978 2062
3977 2063
3976 2064
3975 2065
3974 2066
3973 2067
3972 2068
3971 2069
3970 2070
3969 2071
3968 2072
3967 2073
3966 2074
3965 2075
3964 2076
3963 2077
3962 2078
3961 2079
3960 2080
3959 2081
3958 2082
3957 2083
3956 2084
3955 2085
3954 2086
3953 2087
3952 2088
3951 2089
3950 2090
3949 2091
3948 2092
3947 2093
3946 2094
3945 2095
3944 2096
3943 2097
3942 2098
3941 2099
3940 2100
3939 2101
3938 2102
3937 2103
3936 2104
3935 2105
3934 2106
3933 2107
3932 2108
3931 2109
3930 2110
3929 2111
3928 2112
3927 2113
3926 2114
3925 2115
3924 2116
3922 2117
3923 2118
3921 2119
3920 2120
3919 2121
3918 2122
3917 2123
3916 2124
3914 2125
3915 2126
3913 2127
3912 2128
3911 2129
3910 2130
3909 2131
3908 2132
3907 2133
3906 2134
3905 2135
3904 2136
3903 2137
3902 2138
3901 2139
3900 2140
3899 2141
3898 2142
3897 2143
3896 2144
3895 2145
3894 2146
3893 2147
3892 2148
3891 2149
3890 2150
3889 2151
3887 2152
3886 2153
3885 2154
3884 2155
3883 2156
3882 2157
3881 2158
3880 2159
3879 2160
3878 2161
3877 2162
3876 2163
3875 2164
3874 2165
3873 2166
3872 2167
3871 2168
3870 2169
3869 2170
3868 2171
3867 2172
3866 2173
3865 2174
3864 2175
3863 2176
3862 2177
3861 2178
3860 2179
3859 2180
3857 2181
3858 2182
3856 2183
3855 2184
3854 2185
3853 2186
3852 2187
3850 2188
3851 2189
3849 2190
3848 2191
3847 2192
3846 2193
3845 2194
3844 2195
3843 2196
3842 2197
3841 2198
3839 2199
3840 2200
3838 2201
3837 2202
3836 2203
3835 2204
3834 2205
3833 2206
3832 2207
3831 2208
3830 2209
3829 2210
3828 2211
3827 2212
3826 2213
3825 2214
3824 2215
3823 2216
3822 2217
3821 2218
3820 2219
3819 2220
3818 2221
3817 2222
3816 2223
3815 2224
3814 2225
3813 2226
3812 2227
3811 2228
3810 2229
3809 2230
3808 2231
3807 2232
3806 2233
3805 2234
3804 2235
3803 2236
3802 2237
3801 2238
3800 2239
3799 2240
3798 2241
3797 2242
3796 2243
3795 2244
3794 2245
3793 2246
3792 2247
3791 2248
3790 2249
3788 2250
3789 2251
3787 2252
3786 2253
3785 2254
3784 2255
3782 2256
3783 2257
3781 2258
3780 2259
3779 2260
3778 2261
3777 2262
3776 2263
3775 2264
3774 2265
3773 2266
3772 2267
3771 2268
3770 2269
3769 2270
3768 2271
3767 2272
3766 2273
3765 2274
3764 2275
3763 2276
3762 2277
3761 2278
3760 2279
3759 2280
3758 2281
3757 2282
3756 2283
3755 2284
3754 2285
3753 2286
3752 2287
3751 2288
3750 2289
3749 2290
3748 2291
3747 2292
3746 2293
3888 2294
3745 2295
3744 2296
3743 2297
3742 2298
3741 2299
3740 2300
3739 2301
3738 2302
3737 2303
3736 2304
3735 2305
3734 2306
3733 2307
3732 2308
3731 2309
3730 2310
3729 2311
3728 2312
3727 2313
3725 2314
3726 2315
3724 2316
3722 2317
3721 2318
3720 2319
3719 2320
3718 2321
3717 2322
3716 2323
3715 2324
3714 2325
3713 2326
3712 2327
3711 2328
3710 2329
3709 2330
3708 2331
3707 2332
3706 2333
3705 2334
3704 2335
3703 2336
3702 2337
3701 2338
3700 2339
3699 2340
3698 2341
3697 2342
3696 2343
3695 2344
3694 2345
3693 2346
3692 2347
3691 2348
3690 2349
3689 2350
3688 2351
3687 2352
3686 2353
3685 2354
3684 2355
3683 2356
3682 2357
3681 2358
3680 2359
3679 2360
3678 2361
3677 2362
3676 2363
3675 2364
3674 2365
3673 2366
3672 2367
3671 2368
3670 2369
3669 2370
3668 2371
3667 2372
3666 2373
3665 2374
3664 2375
3663 2376
3662 2377
3661 2378
3660 2379
3659 2380
3658 2381
3657 2382
3656 2383
3655 2384
3654 2385
3653 2386
3652 2387
3651 2388
3650 2389
3649 2390
3648 2391
3647 2392
3646 2393
3645 2394
3644 2395
3643 2396
3642 2397
3641 2398
3640 2399
3639 2400
3638 2401
3637 2402
3636 2403
3635 2404
3634 2405
3633 2406
3632 2407
3631 2408
3630 2409
3629 2410
3628 2411
3627 2412
3626 2413
3625 2414
3624 2415
3623 2416
3622 2417
3621 2418
3620 2419
3619 2420
3618 2421
3617 2422
3616 2423
3615 2424
3613 2425
3614 2426
3612 2427
3611 2428
3610 2429
3609 2430
3608 2431
3606 2432
3607 2433
3605 2434
3604 2435
3603 2436
3601 2437
3600 2438
3599 2439
3598 2440
3597 2441
3596 2442
3595 2443
3594 2444
3593 2445
3592 2446
3591 2447
3590 2448
3589 2449
3588 2450
3587 2451
3586 2452
3585 2453
3584 2454
3583 2455
3582 2456
3581 2457
3580 2458
3579 2459
3578 2460
3577 2461
3576 2462
3575 2463
3574 2464
3573 2465
3572 2466
3571 2467
3570 2468
3569 2469
3568 2470
3567 2471
3566 2472
3565 2473
3564 2474
3563 2475
3562 2476
3561 2477
3560 2478
3559 2479
3558 2480
3557 2481
3556 2482
3555 2483
3554 2484
3553 2485
3552 2486
3551 2487
3550 2488
3549 2489
3548 2490
3547 2491
3546 2492
3545 2493
3544 2494
3543 2495
3542 2496
3541 2497
3540 2498
3539 2499
3538 2500
3537 2501
3536 2502
3535 2503
3534 2504
3533 2505
3532 2506
3530 2507
3529 2508
3528 2509
3527 2510
3526 2511
3525 2512
3524 2513
3523 2514
3531 2515
3522 2516
3521 2517
3520 2518
3519 2519
3518 2520
3517 2521
3516 2522
3515 2523
3514 2524
3513 2525
3512 2526
3511 2527
3510 2528
3509 2529
3508 2530
3507 2531
3506 2532
3505 2533
3504 2534
3503 2535
3502 2536
3501 2537
3500 2538
3499 2539
3498 2540
3497 2541
3602 2542
3496 2543
3495 2544
3494 2545
3493 2546
3492 2547
3491 2548
3490 2549
3489 2550
3488 2551
3487 2552
3486 2553
3485 2554
3484 2555
3483 2556
3482 2557
3481 2558
3480 2559
3479 2560
3478 2561
3477 2562
3476 2563
3475 2564
3474 2565
3473 2566
3472 2567
3723 2568
3471 2569
3470 2570
3469 2571
3468 2572
3467 2573
3466 2574
3465 2575
3464 2576
3463 2577
3462 2578
3461 2579
3460 2580
3459 2581
3458 2582
3457 2583
3456 2584
3455 2585
3454 2586
3453 2587
3452 2588
3451 2589
3450 2590
3449 2591
3448 2592
3447 2593
3446 2594
3445 2595
3444 2596
3443 2597
3442 2598
3441 2599
3440 2600
3439 2601
3438 2602
3437 2603
3436 2604
3435 2605
3434 2606
3433 2607
3431 2608
3432 2609
3430 2610
3429 2611
3428 2612
3427 2613
3426 2614
3425 2615
3424 2616
3423 2617
3422 2618
3420 2619
3419 2620
3418 2621
3417 2622
3416 2623
3415 2624
3414 2625
3413 2626
3412 2627
3421 2628
3411 2629
3410 2630
3409 2631
3408 2632
3407 2633
3406 2634
3405 2635
3404 2636
3403 2637
3402 2638
3401 2639
3400 2640
3399 2641
3398 2642
3397 2643
3396 2644
3395 2645
3394 2646
3393 2647
3392 2648
3391 2649
3390 2650
3389 2651
3388 2652
3387 2653
3386 2654
3385 2655
3384 2656
3383 2657
3382 2658
3381 2659
3380 2660
3379 2661
3378 2662
3377 2663
3376 2664
3375 2665
3374 2666
3373 2667
3372 2668
3371 2669
3370 2670
3369 2671
3367 2672
3368 2673
3366 2674
3365 2675
3364 2676
3363 2677
3362 2678
3361 2679
3359 2680
3360 2681
3358 2682
3357 2683
3356 2684
3355 2685
3354 2686
3353 2687
3352 2688
3351 2689
3350 2690
3349 2691
3348 2692
3347 2693
3346 2694
3345 2695
3344 2696
3343 2697
3342 2698
3341 2699
3340 2700
3339 2701
3338 2702
3337 2703
3336 2704
3335 2705
3334 2706
3333 2707
3332 2708
3331 2709
3330 2710
3329 2711
3328 2712
3327 2713
3326 2714
3325 2715
3324 2716
3323 2717
3322 2718
3321 2719
3320 2720
3319 2721
3318 2722
3317 2723
3316 2724
3315 2725
3314 2726
3313 2727
3312 2728
3311 2729
3310 2730
3309 2731
3308 2732
3307 2733
3306 2734
3305 2735
3304 2736
3303 2737
3302 2738
3301 2739
3300 2740
3299 2741
3298 2742
3297 2743
3296 2744
3295 2745
3294 2746
3293 2747
3292 2748
3291 2749
3290 2750
3289 2751
3288 2752
3287 2753
3286 2754
3285 2755
3284 2756
3283 2757
3282 2758
3281 2759
3280 2760
3279 2761
3278 2762
3277 2763
3276 2764
3275 2765
3274 2766
3273 2767
3272 2768
3271 2769
3270 2770
3269 2771
3268 2772
3267 2773
3266 2774
3265 2775
3264 2776
3263 2777
3262 2778
3261 2779
3260 2780
3259 2781
3258 2782
3257 2783
3256 2784
3255 2785
3254 2786
3253 2787
3252 2788
3251 2789
3249 2790
3250 2791
3248 2792
3247 2793
3246 2794
3245 2795
3244 2796
3243 2797
3242 2798
3241 2799
3240 2800
3239 2801
3238 2802
3237 2803
3236 2804
3235 2805
3234 2806
3233 2807
3232 2808
3231 2809
3230 2810
3229 2811
3228 2812
3227 2813
3226 2814
3225 2815
3224 2816
3223 2817
3222 2818
3221 2819
3220 2820
3218 2821
3217 2822
3216 2823
3215 2824
3219 2825
3214 2826
3213 2827
3212 2828
3211 2829
3210 2830
3209 2831
3208 2832
3207 2833
3206 2834
3205 2835
3204 2836
3203 2837
3202 2838
3201 2839
3200 2840
3199 2841
3198 2842
3197 2843
3196 2844
3195 2845
3194 2846
3193 2847
3192 2848
3191 2849
3190 2850
3189 2851
3188 2852
3187 2853
3186 2854
3185 2855
3184 2856
3183 2857
3182 2858
3181 2859
3179 2860
3180 2861
3178 2862
3177 2863
3176 2864
3175 2865
3174 2866
3173 2867
3172 2868
3171 2869
3170 2870
3169 2871
3168 2872
3167 2873
3166 2874
3165 2875
3164 2876
3163 2877
3162 2878
3161 2879
3160 2880
3159 2881
3158 2882
3157 2883
3156 2884
3155 2885
3154 2886
3153 2887
3152 2888
3151 2889
3150 2890
3149 2891
3148 2892
3147 2893
3146 2894
3145 2895
3144 2896
3143 2897
3142 2898
3141 2899
3140 2900
3139 2901
3138 2902
3137 2903
3136 2904
3135 2905
3134 2906
3133 2907
3132 2908
3131 2909
3130 2910
3129 2911
3128 2912
3126 2913
3125 2914
3127 2915
3124 2916
3123 2917
3122 2918
3121 2919
3120 2920
3119 2921
3118 2922
3117 2923
3116 2924
3114 2925
3113 2926
3112 2927
3111 2928
3110 2929
3109 2930
3108 2931
3107 2932
3106 2933
3105 2934
3104 2935
3103 2936
3102 2937
3101 2938
3100 2939
3099 2940
3115 2941
3098 2942
3097 2943
3096 2944
3095 2945
3094 2946
3093 2947
3092 2948
3091 2949
3090 2950
3089 2951
3088 2952
3087 2953
3086 2954
3085 2955
3084 2956
3083 2957
3082 2958
3081 2959
3080 2960
3079 2961
3078 2962
3077 2963
3076 2964
3075 2965
3074 2966
3073 2967
3072 2968
3071 2969
3070 2970
3069 2971
3068 2972
3067 2973
3066 2974
3065 2975
3064 2976
3063 2977
3062 2978
3061 2979
3060 2980
3059 2981
3058 2982
3057 2983
3056 2984
3055 2985
3054 2986
3053 2987
3052 2988
3050 2989
3051 2990
3049 2991
3048 2992
3047 2993
3046 2994
3045 2995
3044 2996
3043 2997
3042 2998
3040 2999
3041 3000
3039 3001
3038 3002
3037 3003
3036 3004
3035 3005
3034 3006
3033 3007
3032 3008
3031 3009
3030 3010
3029 3011
3028 3012
3027 3013
3026 3014
3025 3015
3024 3016
3023 3017
3022 3018
3021 3019
3020 3020
3019 3021
3018 3022
3017 3023
3016 3024
3015 3025
3014 3026
3013 3027
3012 3028
3011 3029
3010 3030
3009 3031
3008 3032
3007 3033
3006 3034
3005 3035
3004 3036
3002 3037
3001 3038
3000 3039
2999 3040
2998 3041
2997 3042
2996 3043
2995 3044
2994 3045
2993 3046
2992 3047
2991 3048
2990 3049
2989 3050
3003 3051
2988 3052
2987 3053
2986 3054
2985 3055
2984 3056
2983 3057
2982 3058
2981 3059
2979 3060
2978 3061
2977 3062
2976 3063
2975 3064
2974 3065
2973 3066
2972 3067
2971 3068
2970 3069
2969 3070
2968 3071
2967 3072
2966 3073
2965 3074
2964 3075
2963 3076
2962 3077
2961 3078
2960 3079
2959 3080
2958 3081
2957 3082
2956 3083
2955 3084
2954 3085
2953 3086
2952 3087
2951 3088
2950 3089
2949 3090
2948 3091
2946 3092
2945 3093
2944 3094
2943 3095
2942 3096
2941 3097
2940 3098
2939 3099
2938 3100
2937 3101
2936 3102
2935 3103
2934 3104
2933 3105
2932 3106
2931 3107
2930 3108
2929 3109
2928 3110
2927 3111
2926 3112
2925 3113
2924 3114
2923 3115
2922 3116
2921 3117
2920 3118
2919 3119
2918 3120
2917 3121
2916 3122
2915 3123
2914 3124
2913 3125
2912 3126
2911 3127
2909 3128
2908 3129
2907 3130
2906 3131
2905 3132
2904 3133
2903 3134
2902 3135
2901 3136
2900 3137
2899 3138
2898 3139
2897 3140
2895 3141
2896 3142
2894 3143
2893 3144
2892 3145
2891 3146
2890 3147
2889 3148
2888 3149
2887 3150
2886 3151
2885 3152
2884 3153
2882 3154
2881 3155
2883 3156
2880 3157
2879 3158
2878 3159
2877 3160
2876 3161
2875 3162
2874 3163
2873 3164
2872 3165
2871 3166
2870 3167
2869 3168
2868 3169
2867 3170
2866 3171
2865 3172
2864 3173
2863 3174
2862 3175
2861 3176
2860 3177
2859 3178
2858 3179
2857 3180
2856 3181
2855 3182
2854 3183
2853 3184
2852 3185
2851 3186
2850 3187
2849 3188
2848 3189
2847 3190
2846 3191
2845 3192
2844 3193
2843 3194
2842 3195
2841 3196
2840 3197
2839 3198
2838 3199
2837 3200
2836 3201
2835 3202
2834 3203
2833 3204
2832 3205
2831 3206
2830 3207
2829 3208
2828 3209
2827 3210
2826 3211
2825 3212
2824 3213
2823 3214
2822 3215
2821 3216
2820 3217
2819 3218
2818 3219
2817 3220
2816 3221
2815 3222
2814 3223
2813 3224
2812 3225
2811 3226
2810 3227
2809 3228
2808 3229
2807 3230
2806 3231
2805 3232
2804 3233
2803 3234
2802 3235
2801 3236
2800 3237
2799 3238
2798 3239
2797 3240
2796 3241
2795 3242
2794 3243
2793 3244
2792 3245
2791 3246
2790 3247
2789 3248
2788 3249
2787 3250
2786 3251
2785 3252
2784 3253
2783 3254
2782 3255
2781 3256
2780 3257
2779 3258
2778 3259
2777 3260
2776 3261
2775 3262
2774 3263
2773 3264
2772 3265
2771 3266
2770 3267
2769 3268
2768 3269
2767 3270
2766 3271
2765 3272
2764 3273
2763 3274
2762 3275
2761 3276
2760 3277
2759 3278
2758 3279
2757 3280
2756 3281
2755 3282
2754 3283
2753 3284
2752 3285
2751 3286
2750 3287
2749 3288
2748 3289
2747 3290
2746 3291
2745 3292
2744 3293
2743 3294
2742 3295
2741 3296
2740 3297
2739 3298
2738 3299
2737 3300
2736 3301
2735 3302
2734 3303
2733 3304
2732 3305
2731 3306
2730 3307
2729 3308
2728 3309
2727 3310
2726 3311
2725 3312
2724 3313
2723 3314
2722 3315
2721 3316
2720 3317
2719 3318
2718 3319
2716 3320
2714 3321
2717 3322
2715 3323
2713 3324
2712 3325
2711 3326
2710 3327
2709 3328
2708 3329
2707 3330
2706 3331
2705 3332
2704 3333
2703 3334
2702 3335
2701 3336
2700 3337
2699 3338
2698 3339
2697 3340
2696 3341
2695 3342
2694 3343
2693 3344
2692 3345
2691 3346
2690 3347
2689 3348
2688 3349
2687 3350
2686 3351
2685 3352
2684 3353
2683 3354
2682 3355
2681 3356
2680 3357
2679 3358
2678 3359
2677 3360
2676 3361
2675 3362
2674 3363
2673 3364
2672 3365
2671 3366
2670 3367
2669 3368
2668 3369
2667 3370
2666 3371
2665 3372
2664 3373
2663 3374
2662 3375
2661 3376
2660 3377
2659 3378
2658 3379
2657 3380
2656 3381
2655 3382
2653 3383
2652 3384
2651 3385
2650 3386
2649 3387
2648 3388
2654 3389
2647 3390
2646 3391
2645 3392
2644 3393
2643 3394
2642 3395
2641 3396
2640 3397
2639 3398
2638 3399
2637 3400
2636 3401
2635 3402
2634 3403
2633 3404
2632 3405
2631 3406
2630 3407
2629 3408
2628 3409
2627 3410
2626 3411
2625 3412
2624 3413
2623 3414
2622 3415
2621 3416
2620 3417
2619 3418
2618 3419
2617 3420
2616 3421
2615 3422
2614 3423
2613 3424
2612 3425
2611 3426
2610 3427
2609 3428
2608 3429
2607 3430
2606 3431
2605 3432
2604 3433
2603 3434
2602 3435
2600 3436
2599 3437
2598 3438
2597 3439
2601 3440
2596 3441
2595 3442
2594 3443
2593 3444
2592 3445
2591 3446
2590 3447
2589 3448
2588 3449
2587 3450
2586 3451
2584 3452
2585 3453
2583 3454
2582 3455
2581 3456
2580 3457
2579 3458
2578 3459
2577 3460
2576 3461
2575 3462
2574 3463
2573 3464
2572 3465
2571 3466
2570 3467
2569 3468
2568 3469
2567 3470
2566 3471
2565 3472
2564 3473
2563 3474
2562 3475
2561 3476
2560 3477
2559 3478
2558 3479
2557 3480
2556 3481
2555 3482
2554 3483
2553 3484
2552 3485
2551 3486
2550 3487
2549 3488
2548 3489
2547 3490
2546 3491
2545 3492
2544 3493
2543 3494
2542 3495
2541 3496
2540 3497
2539 3498
2538 3499
2537 3500
2535 3501
2536 3502
2534 3503
2533 3504
2532 3505
2531 3506
2530 3507
2529 3508
2528 3509
2527 3510
2526 3511
2525 3512
2524 3513
2523 3514
2522 3515
2521 3516
2520 3517
2519 3518
2518 3519
2517 3520
2516 3521
2515 3522
2514 3523
2513 3524
2512 3525
2511 3526
2510 3527
2509 3528
2508 3529
2507 3530
2506 3531
2505 3532
2504 3533
2503 3534
2502 3535
2501 3536
2500 3537
2499 3538
2498 3539
2497 3540
2496 3541
2495 3542
2494 3543
2493 3544
2492 3545
2491 3546
2490 3547
2489 3548
2488 3549
2487 3550
2486 3551
2485 3552
2484 3553
2483 3554
2482 3555
2481 3556
2480 3557
2479 3558
2478 3559
2476 3560
2477 3561
2475 3562
2474 3563
2473 3564
2472 3565
2471 3566
2470 3567
2469 3568
2468 3569
2467 3570
2466 3571
2465 3572
2464 3573
2462 3574
2463 3575
2461 3576
2460 3577
2459 3578
2458 3579
2457 3580
2456 3581
2455 3582
2454 3583
2453 3584
2452 3585
2451 3586
2450 3587
2449 3588
2448 3589
2447 3590
2446 3591
2445 3592
2444 3593
2443 3594
2442 3595
2441 3596
2440 3597
2439 3598
2438 3599
2436 3600
2435 3601
2433 3602
2437 3603
2431 3604
2430 3605
2432 3606
2434 3607
2429 3608
2428 3609
2427 3610
2426 3611
2424 3612
2423 3613
2422 3614
2421 3615
2420 3616
2425 3617
2419 3618
2418 3619
2417 3620
2415 3621
2416 3622
2414 3623
2413 3624
2412 3625
2411 3626
2410 3627
2409 3628
2408 3629
2407 3630
2406 3631
2405 3632
2404 3633
2403 3634
2402 3635
2401 3636
2400 3637
2399 3638
2398 3639
2397 3640
2396 3641
2395 3642
2394 3643
2393 3644
2392 3645
2391 3646
2390 3647
2389 3648
2388 3649
2387 3650
2386 3651
2385 3652
2384 3653
2383 3654
2382 3655
2381 3656
2380 3657
2378 3658
2379 3659
2377 3660
2376 3661
2375 3662
2374 3663
2373 3664
2372 3665
2371 3666
2370 3667
2369 3668
2368 3669
2367 3670
2366 3671
2365 3672
2364 3673
2363 3674
2362 3675
2361 3676
2360 3677
2359 3678
2358 3679
2357 3680
2356 3681
2355 3682
2354 3683
2352 3684
2353 3685
2351 3686
2350 3687
2348 3688
2349 3689
2347 3690
2346 3691
2345 3692
2344 3693
2342 3694
2343 3695
2341 3696
2340 3697
2339 3698
2338 3699
2337 3700
2336 3701
2335 3702
2334 3703
2333 3704
2332 3705
2331 3706
2330 3707
2329 3708
2328 3709
2327 3710
2326 3711
2325 3712
2324 3713
2323 3714
2322 3715
2321 3716
2320 3717
2319 3718
2318 3719
2317 3720
2316 3721
2315 3722
2314 3723
2313 3724
2312 3725
2311 3726
2310 3727
2309 3728
2308 3729
2307 3730
2306 3731
2305 3732
2304 3733
2303 3734
2302 3735
2301 3736
2300 3737
2299 3738
2298 3739
2297 3740
2296 3741
2295 3742
2294 3743
2293 3744
2292 3745
2291 3746
2290 3747
2289 3748
2288 3749
2287 3750
2286 3751
2285 3752
2284 3753
2283 3754
2282 3755
2281 3756
2280 3757
2279 3758
2278 3759
2277 3760
2276 3761
2275 3762
2274 3763
2273 3764
2272 3765
2271 3766
2270 3767
2269 3768
2268 3769
2267 3770
2266 3771
2265 3772
2264 3773
2263 3774
2262 3775
2261 3776
2260 3777
2259 3778
2258 3779
2257 3780
2256 3781
2255 3782
2254 3783
2253 3784
2252 3785
2250 3786
2251 3787
2248 3788
2246 3789
2244 3790
2243 3791
2242 3792
2241 3793
2249 3794
2245 3795
2240 3796
2239 3797
2238 3798
2237 3799
2235 3800
2236 3801
2234 3802
2233 3803
2232 3804
2231 3805
2230 3806
2229 3807
2228 3808
2227 3809
2226 3810
2224 3811
2225 3812
2223 3813
2222 3814
2221 3815
2220 3816
2219 3817
2218 3818
2217 3819
2216 3820
2215 3821
2214 3822
2212 3823
2213 3824
2211 3825
2210 3826
2209 3827
2208 3828
2207 3829
2206 3830
2205 3831
2203 3832
2204 3833
2202 3834
2201 3835
2200 3836
2199 3837
2197 3838
2198 3839
2196 3840
2195 3841
2192 3842
2191 3843
2193 3844
2194 3845
2190 3846
2189 3847
2188 3848
2186 3849
2185 3850
2187 3851
2184 3852
2182 3853
2183 3854
2181 3855
2180 3856
2179 3857
2178 3858
2177 3859
2175 3860
2176 3861
2174 3862
2173 3863
2172 3864
2171 3865
2169 3866
2170 3867
2168 3868
2167 3869
2166 3870
2165 3871
2164 3872
2163 3873
2162 3874
2161 3875
2160 3876
2159 3877
2158 3878
2157 3879
2156 3880
2155 3881
2154 3882
2153 3883
2152 3884
2150 3885
2151 3886
2149 3887
2148 3888
2147 3889
2146 3890
2145 3891
2144 3892
2143 3893
2142 3894
2141 3895
2140 3896
2139 3897
2138 3898
2137 3899
2136 3900
2135 3901
2134 3902
2133 3903
2132 3904
2131 3905
2130 3906
2129 3907
2128 3908
2127 3909
2126 3910
2125 3911
2123 3912
2124 3913
2122 3914
2121 3915
2120 3916
2119 3917
2118 3918
2117 3919
2116 3920
2115 3921
2114 3922
2113 3923
2112 3924
2111 3925
2110 3926
2109 3927
2108 3928
2107 3929
2106 3930
2105 3931
2104 3932
2103 3933
2102 3934
2101 3935
2100 3936
2099 3937
2098 3938
2097 3939
2096 3940
2095 3941
2093 3942
2094 3943
2092 3944
2091 3945
2090 3946
2088 3947
2089 3948
2087 3949
2085 3950
2086 3951
2084 3952
2083 3953
2082 3954
2081 3955
2080 3956
2079 3957
2078 3958
2077 3959
2075 3960
2076 3961
2074 3962
2073 3963
2072 3964
2071 3965
2070 3966
2069 3967
2068 3968
2067 3969
2066 3970
2064 3971
2065 3972
2063 3973
2062 3974
2061 3975
2060 3976
2059 3977
2057 3978
2058 3979
2056 3980
2055 3981
2054 3982
2053 3983
2052 3984
2051 3985
2050 3986
2049 3987
2048 3988
2047 3989
2046 3990
2045 3991
2044 3992
2043 3993
2042 3994
2041 3995
2039 3996
2040 3997
2038 3998
2036 3999
2037 4000
2035 4001
2034 4002
2033 4003
2032 4004
2031 4005
2030 4006
2029 4007
2028 4008
2027 4009
2026 4010
2025 4011
2024 4012
2023 4013
2022 4014
2020 4015
2021 4016
2019 4017
2018 4018
2017 4019
2016 4020
2015 4021
2014 4022
2013 4023
2012 4024
2011 4025
2010 4026
2009 4027
2008 4028
2005 4029
2007 4030
2006 4031
2004 4032
2002 4033
2003 4034
2001 4035
2000 4036
1999 4037
1998 4038
1997 4039
1996 4040
1995 4041
1994 4042
1993 4043
1992 4044
1991 4045
1990 4046
1989 4047
1988 4048
1985 4049
1986 4050
1987 4051
1983 4052
1984 4053
1982 4054
1981 4055
1980 4056
1979 4057
1978 4058
1977 4059
1974 4060
1975 4061
1973 4062
1976 4063
1971 4064
1972 4065
1969 4066
1968 4067
1967 4068
1970 4069
1966 4070
1965 4071
1964 4072
1963 4073
1962 4074
1961 4075
1960 4076
1959 4077
1958 4078
1957 4079
1956 4080
1955 4081
1952 4082
1951 4083
1954 4084
1948 4085
1945 4086
1946 4087
1953 4088
1944 4089
1937 4090
1949 4091
1950 4092
1943 4093
1941 4094
1942 4095
1938 4096
1935 4097
1939 4098
1947 4099
1940 4100
1934 4101
1931 4102
1928 4103
1926 4104
1929 4105
1927 4106
1924 4107
1925 4108
1923 4109
1921 4110
1920 4111
1922 4112
1936 4113
1919 4114
1930 4115
1917 4116
1918 4117
1916 4118
1914 4119
1912 4120
1909 4121
1911 4122
1906 4123
1904 4124
1908 4125
1905 4126
1903 4127
1907 4128
1902 4129
1901 4130
1900 4131
1933 4132
1915 4133
1910 4134
1894 4135
1896 4136
1898 4137
1899 4138
1893 4139
1892 4140
1895 4141
1913 4142
1891 4143
1889 4144
1890 4145
1888 4146
1886 4147
1885 4148
1897 4149
1887 4150
1882 4151
1881 4152
1880 4153
1883 4154
1879 4155
1884 4156
1932 4157
1878 4158
1876 4159
1873 4160
1874 4161
1872 4162
1871 4163
1870 4164
1869 4165
1868 4166
1867 4167
1866 4168
1865 4169
1864 4170
1863 4171
1862 4172
1859 4173
1861 4174
1860 4175
1858 4176
1857 4177
1856 4178
1855 4179
1854 4180
1852 4181
1851 4182
1850 4183
1849 4184
1846 4185
1844 4186
1843 4187
1848 4188
1847 4189
1842 4190
1841 4191
1840 4192
1839 4193
1838 4194
1837 4195
1833 4196
1835 4197
1834 4198
1830 4199
1824 4200
1832 4201
1836 4202
1826 4203
1845 4204
1822 4205
1829 4206
1828 4207
1823 4208
1827 4209
1820 4210
1819 4211
1818 4212
1817 4213
1816 4214
1814 4215
1812 4216
1811 4217
1813 4218
1821 4219
1809 4220
1808 4221
1810 4222
1807 4223
1831 4224
1805 4225
1804 4226
1806 4227
1815 4228
1803 4229
1802 4230
1801 4231
1800 4232
1798 4233
1799 4234
1797 4235
1796 4236
1793 4237
1795 4238
1792 4239
1794 4240
1790 4241
1791 4242
1787 4243
1875 4244
1789 4245
1788 4246
1784 4247
1783 4248
1785 4249
1782 4250
1781 4251
1780 4252
1779 4253
1778 4254
1786 4255
1777 4256
1773 4257
1776 4258
1775 4259
1774 4260
1772 4261
1771 4262
1769 4263
1768 4264
1770 4265
1767 4266
1762 4267
1766 4268
1764 4269
1763 4270
1765 4271
1760 4272
1759 4273
1758 4274
1756 4275
1757 4276
1761 4277
1755 4278
1753 4279
1752 4280
1754 4281
1751 4282
1749 4283
1750 4284
1747 4285
1746 4286
1745 4287
1748 4288
1744 4289
1743 4290
1742 4291
1740 4292
1739 4293
1738 4294
1737 4295
1736 4296
1735 4297
1733 4298
1734 4299
1732 4300
1729 4301
1730 4302
1731 4303
1728 4304
1725 4305
1726 4306
1727 4307
1722 4308
1719 4309
1721 4310
1720 4311
1724 4312
1723 4313
1718 4314
1717 4315
1715 4316
1741 4317
1714 4318
1716 4319
1713 4320
1712 4321
1711 4322
1710 4323
1709 4324
1708 4325
1707 4326
1706 4327
1705 4328
1704 4329
1703 4330
1700 4331
1701 4332
1698 4333
1697 4334
1702 4335
1695 4336
1699 4337
1694 4338
1693 4339
1696 4340
1691 4341
1692 4342
1688 4343
1686 4344
1687 4345
1685 4346
1684 4347
1689 4348
1683 4349
1682 4350
1681 4351
1690 4352
1680 4353
1679 4354
1678 4355
1676 4356
1677 4357
1675 4358
1674 4359
1672 4360
1673 4361
1669 4362
1671 4363
1668 4364
1670 4365
1667 4366
1666 4367
1665 4368
1664 4369
1663 4370
1662 4371
1661 4372
1660 4373
1659 4374
1658 4375
1654 4376
1655 4377
1657 4378
1656 4379
1653 4380
1652 4381
1651 4382
1650 4383
1649 4384
1648 4385
1647 4386
1646 4387
1645 4388
1644 4389
1641 4390
1643 4391
1642 4392
1640 4393
1639 4394
1638 4395
1637 4396
1636 4397
1634 4398
1635 4399
1633 4400
1632 4401
1631 4402
1628 4403
1629 4404
1630 4405
1627 4406
1626 4407
1625 4408
1624 4409
1623 4410
1622 4411
1621 4412
1620 4413
1617 4414
1618 4415
1619 4416
1616 4417
1614 4418
1615 4419
1613 4420
1612 4421
1611 4422
1610 4423
1609 4424
1608 4425
1825 4426
1607 4427
1606 4428
1605 4429
1604 4430
1603 4431
1602 4432
1601 4433
1600 4434
1599 4435
1598 4436
1597 4437
1596 4438
1595 4439
1594 4440
1593 4441
1592 4442
1591 4443
1590 4444
1589 4445
1588 4446
1587 4447
1586 4448
1585 4449
1584 4450
1583 4451
1579 4452
1582 4453
1580 4454
1578 4455
1577 4456
1576 4457
1574 4458
1575 4459
1573 4460
1572 4461
1571 4462
1570 4463
1569 4464
1568 4465
1567 4466
1566 4467
1564 4468
1565 4469
1563 4470
1562 4471
1561 4472
1560 4473
1559 4474
1558 4475
1556 4476
1555 4477
1554 4478
1553 4479
1552 4480
1550 4481
1549 4482
1548 4483
1551 4484
1547 4485
1546 4486
1545 4487
1544 4488
1543 4489
1542 4490
1540 4491
1541 4492
1539 4493
1538 4494
1537 4495
1535 4496
1536 4497
1534 4498
1533 4499
1532 4500
1531 4501
1530 4502
1529 4503
1528 4504
1527 4505
1526 4506
1525 4507
1524 4508
1523 4509
1521 4510
1522 4511
1520 4512
1519 4513
1517 4514
1518 4515
1516 4516
1515 4517
1514 4518
1513 4519
1512 4520
1511 4521
1510 4522
1509 4523
1508 4524
1507 4525
1506 4526
1581 4527
1504 4528
1503 4529
1501 4530
1500 4531
1502 4532
1499 4533
1497 4534
1498 4535
1496 4536
1495 4537
1493 4538
1494 4539
1492 4540
1491 4541
1490 4542
1489 4543
1488 4544
1487 4545
1486 4546
1484 4547
1485 4548
1483 4549
1482 4550
1481 4551
1479 4552
1478 4553
1476 4554
1477 4555
1474 4556
1473 4557
1475 4558
1472 4559
1470 4560
1471 4561
1469 4562
1468 4563
1467 4564
1480 4565
1466 4566
1465 4567
1463 4568
1464 4569
1462 4570
1461 4571
1460 4572
1459 4573
1458 4574
1457 4575
1456 4576
1454 4577
1453 4578
1452 4579
1451 4580
1455 4581
1450 4582
1448 4583
1446 4584
1445 4585
1447 4586
1449 4587
1443 4588
1444 4589
1442 4590
1441 4591
1440 4592
1439 4593
1438 4594
1437 4595
1436 4596
1435 4597
1434 4598
1433 4599
1432 4600
1430 4601
1429 4602
1431 4603
1427 4604
1426 4605
1423 4606
1425 4607
1424 4608
1422 4609
1421 4610
1420 4611
1419 4612
1418 4613
1416 4614
1415 4615
1417 4616
1414 4617
1413 4618
1412 4619
1411 4620
1409 4621
1408 4622
1407 4623
1406 4624
1405 4625
1404 4626
1403 4627
1402 4628
1401 4629
1410 4630
1400 4631
1399 4632
1397 4633
1398 4634
1396 4635
1393 4636
1394 4637
1395 4638
1392 4639
1390 4640
1389 4641
1388 4642
1391 4643
1387 4644
1386 4645
1385 4646
1384 4647
1383 4648
1381 4649
1380 4650
1382 4651
1378 4652
1379 4653
1377 4654
1376 4655
1375 4656
1374 4657
1373 4658
1372 4659
1371 4660
1370 4661
1369 4662
1368 4663
1367 4664
1366 4665
1364 4666
1363 4667
1365 4668
1362 4669
1361 4670
1360 4671
1359 4672
1358 4673
1357 4674
1356 4675
1355 4676
1354 4677
1353 4678
1352 4679
1351 4680
1350 4681
1349 4682
1348 4683
1347 4684
1346 4685
1345 4686
1344 4687
1343 4688
1342 4689
1341 4690
1340 4691
1338 4692
1339 4693
1337 4694
1336 4695
1335 4696
1334 4697
1333 4698
1332 4699
1331 4700
1330 4701
1329 4702
1328 4703
1325 4704
1326 4705
1324 4706
1327 4707
1323 4708
1322 4709
1321 4710
1320 4711
1319 4712
1316 4713
1317 4714
1318 4715
1315 4716
1314 4717
1313 4718
1312 4719
1311 4720
1310 4721
1309 4722
1308 4723
1307 4724
1306 4725
1305 4726
1304 4727
1303 4728
1301 4729
1299 4730
1300 4731
1302 4732
1298 4733
1297 4734
1296 4735
1295 4736
1293 4737
1294 4738
1292 4739
1291 4740
1290 4741
1289 4742
1288 4743
1286 4744
1285 4745
1284 4746
1282 4747
1281 4748
1280 4749
1279 4750
1283 4751
1278 4752
1277 4753
1276 4754
1275 4755
1274 4756
1273 4757
1272 4758
1271 4759
1270 4760
1269 4761
1268 4762
1267 4763
1266 4764
1264 4765
1263 4766
1262 4767
1261 4768
1557 4769
1260 4770
1259 4771
1258 4772
1255 4773
1256 4774
1257 4775
1254 4776
1253 4777
1252 4778
1251 4779
1250 4780
1249 4781
1248 4782
1247 4783
1246 4784
1245 4785
1244 4786
1243 4787
1242 4788
1241 4789
1240 4790
1239 4791
1237 4792
1238 4793
1236 4794
1235 4795
1234 4796
1233 4797
1232 4798
1230 4799
1229 4800
1227 4801
1231 4802
1228 4803
1226 4804
1225 4805
1223 4806
1222 4807
1224 4808
1221 4809
1220 4810
1219 4811
1218 4812
1217 4813
1216 4814
1215 4815
1211 4816
1214 4817
1212 4818
1213 4819
1210 4820
1209 4821
1208 4822
1207 4823
1206 4824
1205 4825
1204 4826
1203 4827
1202 4828
1201 4829
1200 4830
1199 4831
1198 4832
1197 4833
1196 4834
1195 4835
1194 4836
1193 4837
1192 4838
1190 4839
1189 4840
1191 4841
1186 4842
1188 4843
1187 4844
1185 4845
1184 4846
1183 4847
1182 4848
1181 4849
1180 4850
1179 4851
1178 4852
1177 4853
1176 4854
1175 4855
1174 4856
1173 4857
1172 4858
1171 4859
1170 4860
1169 4861
1168 4862
1167 4863
1166 4864
1165 4865
1163 4866
1164 4867
1162 4868
1161 4869
1160 4870
1159 4871
1158 4872
1157 4873
1156 4874
1155 4875
1154 4876
1153 4877
1152 4878
1151 4879
1853 4880
1150 4881
1149 4882
1148 4883
1147 4884
1146 4885
1145 4886
1144 4887
1143 4888
1141 4889
1142 4890
1139 4891
1140 4892
1138 4893
1137 4894
1136 4895
1135 4896
1134 4897
1133 4898
1132 4899
1131 4900
1130 4901
1128 4902
1129 4903
1127 4904
1126 4905
1125 4906
1124 4907
1123 4908
1122 4909
1121 4910
1120 4911
1119 4912
1117 4913
1116 4914
1115 4915
1114 4916
1113 4917
1112 4918
1111 4919
1109 4920
1108 4921
1110 4922
1107 4923
1106 4924
1105 4925
1104 4926
1103 4927
1102 4928
1101 4929
1100 4930
1099 4931
1118 4932
1098 4933
1097 4934
1096 4935
1095 4936
1094 4937
1093 4938
1092 4939
1091 4940
1090 4941
1089 4942
1088 4943
1087 4944
1086 4945
1085 4946
1084 4947
1083 4948
1081 4949
1082 4950
1080 4951
1079 4952
1078 4953
1077 4954
1075 4955
1076 4956
1074 4957
1073 4958
1071 4959
1070 4960
1072 4961
1069 4962
1068 4963
1067 4964
1066 4965
1065 4966
1064 4967
1063 4968
1062 4969
1061 4970
1060 4971
1059 4972
1058 4973
1057 4974
1056 4975
1055 4976
1054 4977
1053 4978
1505 4979
1052 4980
1051 4981
1050 4982
1049 4983
1048 4984
1047 4985
1046 4986
1045 4987
1044 4988
1043 4989
1042 4990
1041 4991
1040 4992
1039 4993
1038 4994
1037 4995
1036 4996
1035 4997
1034 4998
1033 4999
1032 5000
1031 5001
1030 5002
1029 5003
1028 5004
1027 5005
1025 5006
1026 5007
1024 5008
1023 5009
1022 5010
1021 5011
1020 5012
1019 5013
1018 5014
1017 5015
1016 5016
1015 5017
1014 5018
1013 5019
1011 5020
1010 5021
1009 5022
1008 5023
1007 5024
1006 5025
1005 5026
1003 5027
1002 5028
1004 5029
1001 5030
1000 5031
999 5032
998 5033
997 5034
996 5035
995 5036
994 5037
993 5038
1012 5039
992 5040
991 5041
990 5042
989 5043
988 5044
987 5045
986 5046
985 5047
984 5048
983 5049
982 5050
981 5051
980 5052
979 5053
978 5054
977 5055
976 5056
975 5057
974 5058
973 5059
972 5060
971 5061
970 5062
969 5063
968 5064
966 5065
967 5066
964 5067
965 5068
963 5069
962 5070
961 5071
960 5072
959 5073
958 5074
957 5075
956 5076
955 5077
954 5078
953 5079
952 5080
950 5081
951 5082
949 5083
948 5084
947 5085
946 5086
945 5087
944 5088
1428 5089
943 5090
942 5091
941 5092
940 5093
938 5094
939 5095
937 5096
936 5097
935 5098
934 5099
933 5100
932 5101
931 5102
930 5103
929 5104
928 5105
927 5106
2247 5107
926 5108
925 5109
924 5110
923 5111
922 5112
921 5113
920 5114
919 5115
917 5116
916 5117
918 5118
915 5119
914 5120
913 5121
912 5122
911 5123
910 5124
909 5125
908 5126
907 5127
906 5128
905 5129
904 5130
903 5131
902 5132
901 5133
900 5134
899 5135
898 5136
897 5137
896 5138
895 5139
894 5140
893 5141
892 5142
891 5143
890 5144
889 5145
888 5146
887 5147
886 5148
885 5149
884 5150
883 5151
882 5152
881 5153
880 5154
879 5155
878 5156
877 5157
876 5158
875 5159
874 5160
873 5161
872 5162
871 5163
870 5164
869 5165
868 5166
867 5167
866 5168
865 5169
864 5170
863 5171
862 5172
861 5173
860 5174
859 5175
858 5176
857 5177
856 5178
854 5179
853 5180
852 5181
851 5182
850 5183
849 5184
848 5185
847 5186
846 5187
845 5188
844 5189
842 5190
841 5191
843 5192
840 5193
839 5194
838 5195
837 5196
836 5197
835 5198
834 5199
833 5200
832 5201
831 5202
830 5203
829 5204
828 5205
827 5206
826 5207
825 5208
824 5209
823 5210
822 5211
821 5212
820 5213
819 5214
818 5215
817 5216
816 5217
814 5218
815 5219
813 5220
811 5221
810 5222
809 5223
808 5224
807 5225
812 5226
806 5227
805 5228
804 5229
803 5230
802 5231
801 5232
800 5233
799 5234
798 5235
797 5236
796 5237
795 5238
794 5239
793 5240
792 5241
791 5242
790 5243
789 5244
788 5245
786 5246
787 5247
785 5248
784 5249
783 5250
782 5251
781 5252
780 5253
779 5254
778 5255
777 5256
775 5257
776 5258
774 5259
773 5260
772 5261
771 5262
770 5263
769 5264
768 5265
767 5266
766 5267
765 5268
764 5269
763 5270
762 5271
761 5272
760 5273
759 5274
758 5275
757 5276
756 5277
755 5278
754 5279
753 5280
752 5281
751 5282
750 5283
749 5284
748 5285
855 5286
747 5287
746 5288
745 5289
744 5290
743 5291
742 5292
741 5293
740 5294
739 5295
738 5296
737 5297
736 5298
735 5299
734 5300
733 5301
732 5302
731 5303
730 5304
729 5305
728 5306
727 5307
726 5308
725 5309
724 5310
723 5311
722 5312
721 5313
720 5314
719 5315
718 5316
717 5317
716 5318
715 5319
714 5320
713 5321
712 5322
711 5323
710 5324
709 5325
708 5326
707 5327
706 5328
705 5329
704 5330
703 5331
702 5332
701 5333
700 5334
699 5335
698 5336
697 5337
696 5338
695 5339
694 5340
693 5341
692 5342
691 5343
690 5344
689 5345
688 5346
687 5347
686 5348
685 5349
684 5350
682 5351
683 5352
681 5353
680 5354
679 5355
678 5356
677 5357
676 5358
675 5359
674 5360
673 5361
672 5362
671 5363
670 5364
669 5365
668 5366
667 5367
666 5368
665 5369
664 5370
663 5371
662 5372
661 5373
660 5374
659 5375
658 5376
657 5377
656 5378
655 5379
654 5380
653 5381
652 5382
651 5383
650 5384
649 5385
648 5386
647 5387
646 5388
645 5389
644 5390
643 5391
642 5392
641 5393
640 5394
639 5395
638 5396
637 5397
636 5398
635 5399
634 5400
633 5401
632 5402
631 5403
630 5404
628 5405
629 5406
627 5407
626 5408
625 5409
624 5410
623 5411
622 5412
621 5413
620 5414
619 5415
618 5416
617 5417
616 5418
615 5419
614 5420
613 5421
612 5422
611 5423
610 5424
609 5425
608 5426
607 5427
606 5428
605 5429
604 5430
603 5431
602 5432
601 5433
600 5434
599 5435
598 5436
597 5437
596 5438
595 5439
594 5440
593 5441
592 5442
591 5443
590 5444
589 5445
588 5446
587 5447
586 5448
585 5449
584 5450
583 5451
582 5452
581 5453
580 5454
579 5455
578 5456
577 5457
576 5458
575 5459
574 5460
573 5461
572 5462
571 5463
570 5464
569 5465
568 5466
567 5467
566 5468
565 5469
564 5470
563 5471
562 5472
561 5473
559 5474
560 5475
558 5476
557 5477
556 5478
555 5479
554 5480
553 5481
552 5482
551 5483
550 5484
549 5485
548 5486
547 5487
546 5488
545 5489
543 5490
544 5491
542 5492
541 5493
540 5494
539 5495
538 5496
537 5497
536 5498
534 5499
535 5500
533 5501
532 5502
531 5503
530 5504
529 5505
528 5506
527 5507
526 5508
525 5509
524 5510
523 5511
522 5512
521 5513
520 5514
519 5515
518 5516
517 5517
516 5518
515 5519
514 5520
513 5521
512 5522
510 5523
509 5524
511 5525
508 5526
507 5527
506 5528
505 5529
504 5530
503 5531
502 5532
500 5533
501 5534
499 5535
498 5536
497 5537
496 5538
495 5539
494 5540
493 5541
492 5542
491 5543
490 5544
489 5545
488 5546
487 5547
486 5548
485 5549
484 5550
483 5551
482 5552
481 5553
480 5554
479 5555
478 5556
477 5557
476 5558
475 5559
474 5560
473 5561
472 5562
471 5563
470 5564
469 5565
468 5566
467 5567
466 5568
464 5569
465 5570
463 5571
462 5572
461 5573
460 5574
459 5575
458 5576
457 5577
456 5578
455 5579
454 5580
453 5581
452 5582
451 5583
450 5584
449 5585
448 5586
447 5587
446 5588
445 5589
444 5590
443 5591
442 5592
441 5593
440 5594
439 5595
438 5596
437 5597
436 5598
435 5599
434 5600
433 5601
432 5602
431 5603
430 5604
429 5605
428 5606
427 5607
426 5608
425 5609
423 5610
424 5611
422 5612
421 5613
420 5614
418 5615
417 5616
416 5617
415 5618
414 5619
413 5620
412 5621
411 5622
410 5623
409 5624
408 5625
407 5626
406 5627
405 5628
419 5629
404 5630
403 5631
402 5632
401 5633
400 5634
399 5635
397 5636
398 5637
396 5638
394 5639
395 5640
393 5641
392 5642
391 5643
390 5644
389 5645
388 5646
387 5647
386 5648
385 5649
383 5650
384 5651
382 5652
380 5653
381 5654
379 5655
378 5656
377 5657
376 5658
375 5659
374 5660
373 5661
372 5662
371 5663
370 5664
368 5665
369 5666
367 5667
366 5668
365 5669
364 5670
363 5671
362 5672
361 5673
360 5674
359 5675
358 5676
357 5677
356 5678
355 5679
354 5680
353 5681
352 5682
351 5683
350 5684
348 5685
347 5686
346 5687
345 5688
344 5689
343 5690
342 5691
341 5692
340 5693
339 5694
338 5695
337 5696
336 5697
335 5698
334 5699
333 5700
332 5701
331 5702
330 5703
329 5704
328 5705
327 5706
326 5707
325 5708
324 5709
323 5710
322 5711
321 5712
320 5713
319 5714
318 5715
317 5716
316 5717
315 5718
314 5719
313 5720
312 5721
311 5722
310 5723
309 5724
308 5725
307 5726
306 5727
305 5728
304 5729
303 5730
302 5731
301 5732
300 5733
299 5734
298 5735
297 5736
296 5737
295 5738
294 5739
293 5740
292 5741
291 5742
290 5743
289 5744
288 5745
287 5746
286 5747
285 5748
284 5749
283 5750
282 5751
281 5752
280 5753
279 5754
278 5755
277 5756
276 5757
275 5758
274 5759
271 5760
270 5761
269 5762
268 5763
267 5764
266 5765
265 5766
264 5767
263 5768
262 5769
261 5770
260 5771
259 5772
258 5773
257 5774
256 5775
255 5776
254 5777
253 5778
252 5779
272 5780
251 5781
250 5782
249 5783
248 5784
247 5785
246 5786
245 5787
244 5788
243 5789
242 5790
241 5791
240 5792
239 5793
238 5794
237 5795
236 5796
235 5797
234 5798
273 5799
233 5800
232 5801
231 5802
230 5803
229 5804
228 5805
227 5806
225 5807
226 5808
224 5809
223 5810
222 5811
221 5812
220 5813
219 5814
218 5815
217 5816
216 5817
215 5818
214 5819
213 5820
212 5821
211 5822
210 5823
209 5824
208 5825
207 5826
206 5827
205 5828
204 5829
203 5830
202 5831
201 5832
200 5833
199 5834
198 5835
197 5836
196 5837
195 5838
194 5839
193 5840
192 5841
191 5842
190 5843
189 5844
188 5845
187 5846
186 5847
185 5848
184 5849
183 5850
182 5851
181 5852
180 5853
179 5854
178 5855
177 5856
176 5857
175 5858
174 5859
173 5860
172 5861
171 5862
170 5863
169 5864
168 5865
167 5866
166 5867
165 5868
164 5869
163 5870
162 5871
161 5872
160 5873
158 5874
157 5875
156 5876
155 5877
154 5878
153 5879
152 5880
151 5881
150 5882
149 5883
148 5884
147 5885
146 5886
145 5887
144 5888
143 5889
142 5890
141 5891
140 5892
139 5893
138 5894
137 5895
135 5896
134 5897
136 5898
133 5899
132 5900
131 5901
1877 5902
130 5903
129 5904
128 5905
127 5906
126 5907
125 5908
124 5909
123 5910
122 5911
121 5912
120 5913
119 5914
118 5915
117 5916
116 5917
115 5918
114 5919
113 5920
112 5921
111 5922
110 5923
109 5924
108 5925
107 5926
106 5927
105 5928
104 5929
103 5930
102 5931
101 5932
100 5933
99 5934
98 5935
97 5936
96 5937
95 5938
94 5939
93 5940
92 5941
91 5942
90 5943
89 5944
88 5945
87 5946
86 5947
85 5948
84 5949
83 5950
1287 5951
82 5952
81 5953
80 5954
79 5955
78 5956
77 5957
76 5958
75 5959
74 5960
73 5961
72 5962
71 5963
70 5964
69 5965
68 5966
67 5967
66 5968
65 5969
64 5970
63 5971
62 5972
61 5973
60 5974
59 5975
58 5976
57 5977
56 5978
55 5979
54 5980
53 5981
52 5982
51 5983
50 5984
49 5985
48 5986
47 5987
46 5988
45 5989
44 5990
43 5991
42 5992
41 5993
40 5994
39 5995
38 5996
37 5997
36 5998
35 5999
34 6000
33 6001
32 6002
31 6003
30 6004
29 6005
28 6006
27 6007
26 6008
25 6009
24 6010
23 6011
22 6012
21 6013
20 6014
19 6015
18 6016
17 6017
16 6018
15 6019
14 6020
13 6021
12 6022
11 6023
10 6024
9 6025
8 6026
7 6027
6 6028
5 6029
4 6030
3 6031
2 6032
1 6033
2980 6034
159 6035
1265 6036
349 6037
2910 6038
2947 6039
