org_id remap_id
1 0
2 1
3 2
4 3
5 4
6 5
9 6
10 7
11 8
12 9
13 10
14 11
15 12
16 13
17 14
18 15
19 16
20 17
21 18
22 19
23 20
24 21
25 22
26 23
27 24
28 25
29 26
30 27
31 28
32 29
33 30
34 31
35 32
36 33
37 34
38 35
39 36
40 37
41 38
42 39
43 40
44 41
45 42
46 43
47 44
48 45
49 46
50 47
51 48
52 49
53 50
54 51
55 52
56 53
57 54
58 55
59 56
60 57
63 58
64 59
65 60
66 61
67 62
68 63
69 64
70 65
71 66
72 67
73 68
74 69
75 70
76 71
77 72
78 73
79 74
80 75
81 76
82 77
83 78
84 79
85 80
86 81
87 82
88 83
89 84
90 85
91 86
94 87
95 88
96 89
97 90
98 91
99 92
100 93
101 94
102 95
103 96
104 97
105 98
106 99
107 100
108 101
109 102
110 103
111 104
112 105
113 106
114 107
115 108
116 109
117 110
118 111
119 112
120 113
121 114
122 115
123 116
124 117
125 118
126 119
127 120
128 121
129 122
130 123
131 124
132 125
133 126
134 127
135 128
136 129
137 130
138 131
139 132
140 133
141 134
142 135
143 136
144 137
145 138
146 139
147 140
148 141
149 142
150 143
151 144
152 145
153 146
154 147
155 148
156 149
159 150
160 151
161 152
162 153
163 154
164 155
165 156
166 157
167 158
168 159
171 160
172 161
173 162
174 163
175 164
176 165
177 166
178 167
179 168
180 169
181 170
182 171
183 172
184 173
185 174
186 175
189 176
190 177
191 178
192 179
193 180
194 181
195 182
196 183
197 184
198 185
199 186
200 187
201 188
202 189
203 190
204 191
205 192
206 193
207 194
208 195
209 196
210 197
211 198
212 199
213 200
214 201
215 202
216 203
217 204
218 205
219 206
220 207
221 208
222 209
223 210
224 211
225 212
226 213
227 214
228 215
229 216
230 217
231 218
232 219
233 220
234 221
235 222
236 223
237 224
238 225
239 226
240 227
241 228
242 229
243 230
244 231
245 232
246 233
247 234
248 235
249 236
250 237
251 238
252 239
253 240
254 241
255 242
256 243
257 244
258 245
259 246
260 247
261 248
262 249
263 250
264 251
265 252
266 253
267 254
268 255
269 256
270 257
271 258
272 259
273 260
274 261
275 262
276 263
277 264
278 265
279 266
280 267
281 268
282 269
283 270
284 271
285 272
286 273
287 274
288 275
289 276
290 277
291 278
292 279
293 280
294 281
295 282
296 283
297 284
298 285
299 286
300 287
301 288
302 289
303 290
304 291
305 292
306 293
307 294
308 295
309 296
310 297
311 298
312 299
313 300
314 301
315 302
316 303
317 304
318 305
319 306
320 307
321 308
322 309
323 310
324 311
325 312
326 313
327 314
328 315
329 316
330 317
331 318
332 319
333 320
334 321
335 322
336 323
337 324
338 325
339 326
188 327
340 328
341 329
342 330
343 331
344 332
345 333
346 334
347 335
348 336
349 337
350 338
351 339
352 340
353 341
354 342
355 343
356 344
357 345
358 346
359 347
360 348
361 349
362 350
363 351
364 352
365 353
366 354
367 355
368 356
369 357
370 358
371 359
372 360
373 361
374 362
377 363
378 364
379 365
381 366
382 367
383 368
384 369
385 370
386 371
387 372
388 373
389 374
390 375
391 376
392 377
393 378
394 379
395 380
396 381
397 382
398 383
399 384
400 385
401 386
402 387
403 388
404 389
405 390
406 391
407 392
408 393
409 394
410 395
411 396
412 397
413 398
414 399
415 400
416 401
417 402
418 403
419 404
420 405
421 406
422 407
423 408
424 409
425 410
426 411
427 412
428 413
429 414
430 415
431 416
432 417
433 418
434 419
435 420
436 421
437 422
438 423
439 424
440 425
441 426
442 427
443 428
444 429
445 430
446 431
447 432
448 433
449 434
450 435
451 436
452 437
455 438
456 439
457 440
458 441
459 442
460 443
461 444
462 445
463 446
464 447
465 448
466 449
467 450
468 451
471 452
472 453
473 454
474 455
475 456
476 457
477 458
478 459
479 460
480 461
483 462
484 463
485 464
486 465
487 466
488 467
489 468
490 469
491 470
492 471
493 472
494 473
495 474
496 475
497 476
499 477
500 478
501 479
502 480
503 481
504 482
505 483
506 484
507 485
508 486
509 487
512 488
513 489
514 490
515 491
516 492
517 493
520 494
521 495
522 496
523 497
524 498
525 499
526 500
527 501
530 502
531 503
532 504
533 505
534 506
535 507
536 508
537 509
538 510
541 511
542 512
543 513
544 514
545 515
546 516
498 517
547 518
548 519
549 520
550 521
551 522
552 523
553 524
554 525
555 526
556 527
557 528
558 529
559 530
560 531
169 532
561 533
562 534
565 535
566 536
567 537
568 538
569 539
570 540
571 541
572 542
573 543
574 544
575 545
576 546
577 547
578 548
579 549
580 550
583 551
584 552
585 553
586 554
158 555
587 556
588 557
589 558
590 559
591 560
592 561
593 562
594 563
595 564
596 565
597 566
598 567
599 568
600 569
601 570
602 571
603 572
604 573
605 574
606 575
607 576
608 577
609 578
610 579
611 580
612 581
613 582
616 583
617 584
618 585
619 586
620 587
621 588
622 589
623 590
624 591
625 592
626 593
627 594
628 595
629 596
630 597
631 598
632 599
633 600
634 601
635 602
636 603
637 604
640 605
641 606
642 607
643 608
644 609
645 610
646 611
647 612
648 613
649 614
650 615
651 616
652 617
653 618
654 619
655 620
656 621
657 622
658 623
659 624
660 625
661 626
662 627
663 628
664 629
665 630
666 631
667 632
668 633
669 634
670 635
671 636
672 637
673 638
674 639
675 640
676 641
677 642
678 643
679 644
680 645
681 646
682 647
683 648
684 649
685 650
686 651
687 652
688 653
689 654
690 655
691 656
692 657
693 658
694 659
695 660
696 661
697 662
698 663
699 664
638 665
700 666
701 667
702 668
703 669
704 670
705 671
706 672
707 673
708 674
709 675
710 676
711 677
712 678
713 679
714 680
715 681
716 682
717 683
718 684
719 685
720 686
721 687
722 688
723 689
724 690
725 691
726 692
727 693
728 694
729 695
730 696
731 697
732 698
733 699
734 700
735 701
736 702
737 703
61 704
738 705
739 706
740 707
741 708
742 709
743 710
744 711
745 712
747 713
748 714
749 715
750 716
751 717
752 718
753 719
754 720
755 721
756 722
758 723
759 724
760 725
761 726
762 727
763 728
764 729
765 730
766 731
767 732
768 733
769 734
770 735
771 736
772 737
773 738
774 739
775 740
776 741
777 742
778 743
779 744
780 745
781 746
782 747
783 748
784 749
785 750
786 751
787 752
788 753
789 754
790 755
791 756
792 757
793 758
794 759
795 760
796 761
797 762
798 763
799 764
800 765
801 766
802 767
803 768
804 769
805 770
806 771
807 772
808 773
539 774
809 775
810 776
564 777
563 778
811 779
812 780
813 781
814 782
815 783
816 784
817 785
818 786
819 787
820 788
821 789
822 790
823 791
824 792
825 793
826 794
827 795
828 796
829 797
830 798
831 799
832 800
833 801
834 802
835 803
836 804
837 805
838 806
839 807
840 808
841 809
842 810
843 811
844 812
845 813
846 814
847 815
848 816
849 817
850 818
851 819
852 820
853 821
854 822
855 823
856 824
857 825
858 826
859 827
860 828
861 829
862 830
863 831
864 832
865 833
866 834
867 835
868 836
869 837
870 838
871 839
872 840
873 841
874 842
875 843
876 844
877 845
878 846
879 847
880 848
881 849
882 850
883 851
884 852
885 853
886 854
887 855
888 856
889 857
890 858
891 859
892 860
893 861
894 862
895 863
896 864
897 865
898 866
899 867
900 868
901 869
902 870
903 871
904 872
905 873
906 874
907 875
908 876
909 877
910 878
911 879
912 880
913 881
914 882
915 883
916 884
917 885
918 886
919 887
920 888
921 889
922 890
923 891
924 892
925 893
926 894
927 895
928 896
929 897
930 898
931 899
932 900
933 901
934 902
935 903
936 904
937 905
938 906
939 907
940 908
941 909
942 910
943 911
944 912
945 913
946 914
947 915
948 916
949 917
950 918
951 919
952 920
953 921
954 922
955 923
956 924
957 925
958 926
959 927
960 928
961 929
962 930
963 931
964 932
965 933
966 934
967 935
968 936
969 937
970 938
971 939
972 940
973 941
974 942
975 943
976 944
977 945
978 946
979 947
980 948
981 949
982 950
983 951
984 952
985 953
986 954
987 955
988 956
989 957
990 958
991 959
992 960
993 961
994 962
995 963
996 964
997 965
998 966
999 967
1000 968
1001 969
1002 970
1003 971
1004 972
1005 973
1006 974
1007 975
1008 976
1009 977
1010 978
1011 979
1012 980
1013 981
1014 982
1015 983
1016 984
1017 985
1018 986
1019 987
1020 988
1021 989
1022 990
1023 991
1024 992
1025 993
1026 994
1027 995
1028 996
1029 997
1030 998
1031 999
1032 1000
1033 1001
1034 1002
1035 1003
1036 1004
1037 1005
1038 1006
1039 1007
1040 1008
1041 1009
1042 1010
1043 1011
1044 1012
1045 1013
1046 1014
1047 1015
1048 1016
1049 1017
1050 1018
1051 1019
1052 1020
1053 1021
1054 1022
1055 1023
1056 1024
1057 1025
1058 1026
1059 1027
1060 1028
1061 1029
1062 1030
1063 1031
1064 1032
1065 1033
1066 1034
1067 1035
1068 1036
1069 1037
1070 1038
1071 1039
1072 1040
1073 1041
1074 1042
1075 1043
1076 1044
1077 1045
510 1046
511 1047
1080 1048
1081 1049
1082 1050
1083 1051
1084 1052
1085 1053
1086 1054
1087 1055
1088 1056
1089 1057
1090 1058
1091 1059
1092 1060
1093 1061
1094 1062
1095 1063
1096 1064
1097 1065
1098 1066
1099 1067
1100 1068
1101 1069
1102 1070
1103 1071
1104 1072
1105 1073
1106 1074
1107 1075
1108 1076
1109 1077
1110 1078
1111 1079
1112 1080
1079 1081
1113 1082
1114 1083
1115 1084
1116 1085
1117 1086
1118 1087
1119 1088
1120 1089
1121 1090
1122 1091
1123 1092
1124 1093
1125 1094
1126 1095
1127 1096
1128 1097
1129 1098
1130 1099
1131 1100
1132 1101
1133 1102
1134 1103
1135 1104
1136 1105
1137 1106
1138 1107
1139 1108
1140 1109
1141 1110
1142 1111
1143 1112
1144 1113
1145 1114
1146 1115
1147 1116
1148 1117
1149 1118
1150 1119
1151 1120
1152 1121
1153 1122
1154 1123
1155 1124
1156 1125
1157 1126
157 1127
1158 1128
1159 1129
1160 1130
1161 1131
1162 1132
1163 1133
1164 1134
1165 1135
1166 1136
1167 1137
1169 1138
1170 1139
1171 1140
1172 1141
1173 1142
1174 1143
1175 1144
1176 1145
1177 1146
1178 1147
1179 1148
1180 1149
1181 1150
1182 1151
1183 1152
1184 1153
1185 1154
1186 1155
1187 1156
1188 1157
1189 1158
1190 1159
1191 1160
1192 1161
1193 1162
1194 1163
1195 1164
1196 1165
1197 1166
1198 1167
1199 1168
1200 1169
1201 1170
1202 1171
1203 1172
1204 1173
1205 1174
1206 1175
1207 1176
1208 1177
1209 1178
1210 1179
1211 1180
1212 1181
1213 1182
1214 1183
1215 1184
1216 1185
1217 1186
1218 1187
1219 1188
1220 1189
1221 1190
1222 1191
1223 1192
1224 1193
1225 1194
1229 1195
1234 1196
1235 1197
1236 1198
1237 1199
1238 1200
1239 1201
1240 1202
1241 1203
1242 1204
1243 1205
1244 1206
1245 1207
1246 1208
1247 1209
1248 1210
1249 1211
1250 1212
1251 1213
1252 1214
1253 1215
1254 1216
1255 1217
1256 1218
1257 1219
1258 1220
1259 1221
1228 1222
1260 1223
1261 1224
1262 1225
1263 1226
1264 1227
1265 1228
1266 1229
1267 1230
1268 1231
1269 1232
1270 1233
1271 1234
1272 1235
1273 1236
1276 1237
1274 1238
1277 1239
1278 1240
1279 1241
1280 1242
1282 1243
170 1244
1283 1245
1284 1246
1285 1247
1286 1248
1287 1249
1288 1250
1289 1251
1290 1252
1291 1253
1292 1254
1293 1255
1294 1256
1295 1257
1296 1258
1297 1259
1298 1260
1299 1261
1300 1262
1301 1263
1302 1264
1303 1265
1304 1266
1305 1267
1306 1268
1309 1269
529 1270
1310 1271
1311 1272
1312 1273
1313 1274
1314 1275
1315 1276
1316 1277
1317 1278
1318 1279
1319 1280
1320 1281
1321 1282
1322 1283
1323 1284
1324 1285
1325 1286
1326 1287
1329 1288
1330 1289
1331 1290
1233 1291
1332 1292
1333 1293
1334 1294
1335 1295
1336 1296
1337 1297
1338 1298
1339 1299
1340 1300
1341 1301
1342 1302
1343 1303
1344 1304
62 1305
1345 1306
1346 1307
1347 1308
1348 1309
1349 1310
1350 1311
1351 1312
1352 1313
1353 1314
1354 1315
1355 1316
1356 1317
1357 1318
1358 1319
1359 1320
757 1321
1360 1322
1361 1323
1362 1324
1363 1325
1364 1326
1365 1327
1366 1328
1367 1329
1368 1330
1369 1331
1370 1332
1371 1333
1372 1334
1373 1335
1374 1336
1375 1337
1376 1338
1377 1339
1378 1340
1379 1341
1380 1342
1381 1343
1382 1344
1383 1345
1384 1346
1385 1347
1386 1348
1387 1349
1388 1350
1389 1351
1390 1352
1391 1353
1392 1354
1393 1355
1394 1356
1395 1357
1396 1358
1397 1359
1398 1360
1399 1361
1400 1362
1401 1363
1402 1364
1403 1365
1404 1366
1405 1367
1406 1368
1407 1369
1408 1370
1409 1371
1410 1372
1411 1373
1412 1374
1413 1375
1414 1376
1415 1377
1416 1378
1417 1379
1418 1380
1419 1381
1420 1382
1421 1383
1422 1384
1423 1385
1424 1386
1425 1387
1426 1388
1427 1389
1428 1390
1429 1391
1430 1392
1431 1393
1432 1394
1433 1395
1434 1396
1435 1397
1230 1398
1436 1399
1437 1400
1438 1401
1439 1402
1440 1403
1441 1404
1442 1405
1443 1406
1444 1407
1445 1408
1446 1409
1447 1410
1448 1411
1449 1412
1450 1413
1451 1414
1452 1415
1453 1416
1454 1417
1455 1418
1456 1419
1457 1420
1458 1421
1459 1422
1460 1423
1461 1424
1462 1425
1463 1426
1464 1427
1465 1428
1466 1429
454 1430
1467 1431
1468 1432
1469 1433
1470 1434
1471 1435
1472 1436
1473 1437
1474 1438
1475 1439
1476 1440
1477 1441
1478 1442
1479 1443
1480 1444
1481 1445
1482 1446
1483 1447
1484 1448
1485 1449
1486 1450
1487 1451
1488 1452
1489 1453
1490 1454
1491 1455
1492 1456
1493 1457
1494 1458
1495 1459
1496 1460
1497 1461
1498 1462
1499 1463
1500 1464
1501 1465
1502 1466
1505 1467
1506 1468
1507 1469
1508 1470
1509 1471
1510 1472
1513 1473
1514 1474
1515 1475
1518 1476
1519 1477
1520 1478
1521 1479
1522 1480
1523 1481
1524 1482
1525 1483
1526 1484
1527 1485
1528 1486
1529 1487
1530 1488
1531 1489
1532 1490
1533 1491
1534 1492
1535 1493
1536 1494
1537 1495
1538 1496
1539 1497
1540 1498
1541 1499
1542 1500
1543 1501
1544 1502
1545 1503
1546 1504
1547 1505
1548 1506
1549 1507
1550 1508
1551 1509
1552 1510
1553 1511
1554 1512
1555 1513
1556 1514
1557 1515
8 1516
1558 1517
1559 1518
1561 1519
1564 1520
1565 1521
1566 1522
1567 1523
1568 1524
1569 1525
1570 1526
1571 1527
1572 1528
1573 1529
1574 1530
1575 1531
1576 1532
1577 1533
1578 1534
1579 1535
1580 1536
1581 1537
1582 1538
1583 1539
1584 1540
1585 1541
1586 1542
1587 1543
1588 1544
1589 1545
1590 1546
1591 1547
1592 1548
1593 1549
1595 1550
1596 1551
1597 1552
1598 1553
1599 1554
1600 1555
1601 1556
1602 1557
1603 1558
1604 1559
1605 1560
1606 1561
1607 1562
1608 1563
1609 1564
1610 1565
1611 1566
1612 1567
1613 1568
1616 1569
1618 1570
1619 1571
1620 1572
1621 1573
1622 1574
1623 1575
1624 1576
1625 1577
482 1578
1626 1579
1627 1580
1628 1581
1275 1582
1629 1583
1630 1584
1631 1585
1632 1586
1633 1587
1634 1588
1635 1589
1636 1590
1637 1591
1638 1592
1639 1593
1640 1594
1641 1595
1642 1596
1643 1597
1644 1598
1645 1599
1646 1600
1647 1601
1648 1602
1649 1603
1650 1604
1651 1605
1652 1606
1653 1607
1654 1608
1655 1609
1656 1610
1657 1611
1658 1612
1659 1613
1660 1614
1661 1615
1662 1616
1663 1617
1664 1618
1665 1619
1666 1620
1667 1621
1668 1622
1669 1623
1670 1624
1671 1625
1672 1626
1673 1627
1674 1628
1675 1629
1676 1630
1677 1631
1678 1632
1679 1633
1680 1634
1681 1635
1682 1636
1683 1637
1684 1638
1685 1639
1328 1640
1686 1641
1687 1642
1688 1643
1689 1644
1690 1645
1231 1646
1691 1647
1692 1648
1693 1649
1694 1650
1695 1651
1696 1652
1697 1653
1698 1654
1699 1655
375 1656
1700 1657
1701 1658
1702 1659
1703 1660
1704 1661
1705 1662
1706 1663
1707 1664
1708 1665
1709 1666
1710 1667
1711 1668
1712 1669
1327 1670
1713 1671
1714 1672
1715 1673
1716 1674
1717 1675
1718 1676
1719 1677
1720 1678
1721 1679
1722 1680
1723 1681
1724 1682
1725 1683
1726 1684
1727 1685
1728 1686
1729 1687
1730 1688
1731 1689
1732 1690
1733 1691
1734 1692
1735 1693
1736 1694
1737 1695
1738 1696
1739 1697
1740 1698
1741 1699
1742 1700
1743 1701
1744 1702
1745 1703
1746 1704
1747 1705
1748 1706
1749 1707
1750 1708
1751 1709
1752 1710
1753 1711
1754 1712
1755 1713
1756 1714
1757 1715
1758 1716
1759 1717
1760 1718
1761 1719
1762 1720
1763 1721
1764 1722
1765 1723
1766 1724
1767 1725
1768 1726
1769 1727
1770 1728
1771 1729
1772 1730
1774 1731
1560 1732
1775 1733
1776 1734
1777 1735
1778 1736
1779 1737
1780 1738
1781 1739
1782 1740
1783 1741
1784 1742
1785 1743
1786 1744
1787 1745
1788 1746
1789 1747
1790 1748
1791 1749
1517 1750
1792 1751
1793 1752
1794 1753
1795 1754
1796 1755
1797 1756
1798 1757
1799 1758
1800 1759
1801 1760
1802 1761
1803 1762
1806 1763
1807 1764
1808 1765
1809 1766
1810 1767
1811 1768
1812 1769
1813 1770
1814 1771
1815 1772
1816 1773
1817 1774
1818 1775
1819 1776
1820 1777
1821 1778
1822 1779
93 1780
1824 1781
1825 1782
1826 1783
1827 1784
1828 1785
1829 1786
1830 1787
1831 1788
1832 1789
1833 1790
1834 1791
1835 1792
1836 1793
1837 1794
1838 1795
1839 1796
1840 1797
1841 1798
1842 1799
1843 1800
1844 1801
1845 1802
1846 1803
1847 1804
1848 1805
1849 1806
1850 1807
1851 1808
1852 1809
1853 1810
1854 1811
1855 1812
1856 1813
1857 1814
1858 1815
1859 1816
1860 1817
1861 1818
1862 1819
1863 1820
1864 1821
1865 1822
1866 1823
1867 1824
1868 1825
1869 1826
1870 1827
1871 1828
1872 1829
1873 1830
1874 1831
1875 1832
1876 1833
1877 1834
1878 1835
1879 1836
1880 1837
1881 1838
1882 1839
1883 1840
1884 1841
1885 1842
1886 1843
1887 1844
1888 1845
1889 1846
1890 1847
1892 1848
1893 1849
1894 1850
1895 1851
1896 1852
1898 1853
528 1854
1899 1855
1900 1856
1901 1857
1902 1858
1903 1859
1904 1860
1905 1861
1906 1862
1907 1863
1908 1864
1909 1865
1910 1866
1911 1867
1912 1868
1913 1869
1914 1870
1915 1871
1916 1872
1917 1873
1918 1874
1919 1875
1920 1876
1921 1877
1922 1878
1923 1879
1924 1880
1925 1881
1928 1882
1929 1883
7 1884
1930 1885
1931 1886
1932 1887
1933 1888
1934 1889
1935 1890
1936 1891
1937 1892
1938 1893
1939 1894
1940 1895
1941 1896
1942 1897
1943 1898
1944 1899
1945 1900
1946 1901
1947 1902
1948 1903
1949 1904
1950 1905
1951 1906
1952 1907
1953 1908
1954 1909
1955 1910
1956 1911
1957 1912
1958 1913
1959 1914
1960 1915
1961 1916
1962 1917
1963 1918
1964 1919
1965 1920
1966 1921
1967 1922
1968 1923
1969 1924
1512 1925
1970 1926
1971 1927
1972 1928
1973 1929
1974 1930
1975 1931
1976 1932
1977 1933
1978 1934
1979 1935
1980 1936
1981 1937
1982 1938
1983 1939
1984 1940
1985 1941
1986 1942
1987 1943
1988 1944
1989 1945
1990 1946
1991 1947
1992 1948
1993 1949
1994 1950
1995 1951
1996 1952
1997 1953
1998 1954
2000 1955
2001 1956
2002 1957
2004 1958
2006 1959
2007 1960
2009 1961
2010 1962
2011 1963
2012 1964
2013 1965
2014 1966
2015 1967
2016 1968
2017 1969
2018 1970
2019 1971
2020 1972
2021 1973
2022 1974
2023 1975
2024 1976
2025 1977
2026 1978
2027 1979
2028 1980
2029 1981
2030 1982
2032 1983
2033 1984
2035 1985
2036 1986
1232 1987
2037 1988
2040 1989
2041 1990
1617 1991
2042 1992
2043 1993
2044 1994
2045 1995
2046 1996
2047 1997
2049 1998
2050 1999
2051 2000
2052 2001
2053 2002
2054 2003
2055 2004
2056 2005
2057 2006
1078 2007
2058 2008
2059 2009
2060 2010
2061 2011
2062 2012
2063 2013
2064 2014
2065 2015
2066 2016
2067 2017
2068 2018
2069 2019
2070 2020
2071 2021
2072 2022
187 2023
2073 2024
2074 2025
2075 2026
2076 2027
2077 2028
2078 2029
2079 2030
2080 2031
2081 2032
2082 2033
2083 2034
2084 2035
2085 2036
2086 2037
2087 2038
2088 2039
2048 2040
2089 2041
2090 2042
2091 2043
2092 2044
2093 2045
2094 2046
2095 2047
2096 2048
2097 2049
2098 2050
2099 2051
2100 2052
2101 2053
2102 2054
2103 2055
2104 2056
2105 2057
2106 2058
2107 2059
2108 2060
2109 2061
2110 2062
2111 2063
2112 2064
2113 2065
2114 2066
2115 2067
2116 2068
2117 2069
2118 2070
2031 2071
2119 2072
2120 2073
2121 2074
2123 2075
2124 2076
2125 2077
2126 2078
2127 2079
380 2080
2128 2081
2129 2082
2130 2083
2131 2084
2132 2085
2134 2086
2135 2087
2136 2088
2137 2089
2138 2090
2139 2091
2140 2092
2141 2093
2142 2094
2143 2095
2144 2096
2145 2097
2146 2098
2147 2099
2148 2100
2149 2101
2150 2102
2151 2103
2154 2104
2156 2105
2157 2106
2158 2107
2159 2108
2160 2109
2163 2110
2164 2111
2165 2112
2166 2113
2167 2114
2168 2115
2169 2116
2170 2117
2171 2118
2172 2119
2173 2120
2174 2121
2175 2122
2176 2123
2038 2124
2177 2125
2178 2126
2179 2127
2180 2128
2181 2129
2182 2130
2183 2131
2184 2132
2185 2133
2186 2134
2187 2135
2188 2136
2189 2137
2190 2138
2191 2139
2192 2140
2193 2141
2194 2142
2195 2143
2005 2144
2196 2145
2197 2146
2198 2147
2199 2148
2200 2149
2201 2150
2203 2151
2155 2152
2204 2153
2205 2154
2206 2155
2207 2156
2208 2157
2210 2158
2211 2159
2212 2160
2214 2161
2215 2162
2216 2163
2217 2164
2218 2165
2219 2166
2220 2167
2221 2168
2222 2169
2223 2170
2224 2171
2152 2172
2225 2173
2226 2174
2227 2175
2228 2176
2229 2177
2230 2178
2231 2179
2232 2180
2233 2181
2234 2182
2235 2183
2236 2184
2237 2185
2238 2186
2239 2187
2240 2188
2241 2189
2242 2190
2243 2191
2244 2192
2245 2193
2246 2194
2247 2195
2248 2196
2249 2197
2250 2198
2251 2199
2252 2200
2153 2201
2253 2202
2254 2203
2255 2204
2256 2205
2257 2206
581 2207
2258 2208
2259 2209
2260 2210
2263 2211
2264 2212
2265 2213
2266 2214
2267 2215
2268 2216
2008 2217
2269 2218
2270 2219
2271 2220
2272 2221
2273 2222
2274 2223
2275 2224
1227 2225
2277 2226
2278 2227
2279 2228
2280 2229
2281 2230
2282 2231
2283 2232
2284 2233
376 2234
2286 2235
2287 2236
2288 2237
2289 2238
2290 2239
2291 2240
2292 2241
2293 2242
2294 2243
2295 2244
2296 2245
2297 2246
2298 2247
2299 2248
2300 2249
2301 2250
2302 2251
2303 2252
2304 2253
2305 2254
2306 2255
2307 2256
2308 2257
2309 2258
2310 2259
2311 2260
2312 2261
2313 2262
2314 2263
2315 2264
2316 2265
2318 2266
2321 2267
2322 2268
2323 2269
2324 2270
2326 2271
2328 2272
2329 2273
2331 2274
2332 2275
2333 2276
2334 2277
2335 2278
2336 2279
2337 2280
2338 2281
2339 2282
469 2283
2340 2284
2341 2285
2342 2286
2343 2287
2344 2288
2345 2289
1503 2290
2348 2291
2350 2292
2351 2293
2352 2294
2353 2295
2354 2296
2355 2297
2356 2298
2357 2299
2358 2300
2359 2301
2360 2302
2361 2303
2362 2304
2363 2305
2364 2306
2365 2307
2366 2308
2346 2309
2367 2310
2368 2311
2369 2312
2370 2313
2371 2314
2372 2315
1804 2316
2373 2317
2374 2318
2375 2319
2376 2320
2377 2321
2378 2322
2379 2323
2380 2324
2381 2325
2382 2326
2383 2327
2384 2328
2385 2329
2386 2330
2387 2331
2388 2332
2390 2333
2391 2334
2393 2335
2394 2336
2395 2337
2396 2338
2397 2339
2398 2340
2399 2341
2400 2342
2401 2343
2402 2344
2403 2345
2404 2346
2405 2347
2406 2348
2407 2349
2408 2350
2409 2351
2410 2352
2411 2353
2412 2354
2413 2355
2414 2356
2415 2357
2416 2358
2417 2359
2418 2360
2419 2361
2420 2362
2421 2363
2422 2364
2423 2365
2424 2366
2425 2367
2426 2368
2427 2369
2428 2370
2429 2371
2430 2372
2431 2373
2432 2374
2433 2375
2434 2376
2435 2377
2436 2378
2437 2379
2438 2380
2439 2381
2440 2382
2441 2383
2442 2384
2443 2385
2444 2386
2445 2387
2446 2388
2447 2389
2448 2390
2449 2391
2450 2392
2451 2393
2452 2394
2453 2395
2454 2396
2455 2397
2456 2398
2457 2399
2161 2400
2458 2401
1823 2402
2459 2403
2317 2404
2460 2405
2461 2406
2462 2407
2463 2408
2464 2409
746 2410
2465 2411
2466 2412
2467 2413
2468 2414
2469 2415
2471 2416
2472 2417
2473 2418
2474 2419
2475 2420
2476 2421
2477 2422
2478 2423
2479 2424
2480 2425
2481 2426
2482 2427
2483 2428
2484 2429
2485 2430
2486 2431
2487 2432
2488 2433
2489 2434
1999 2435
2490 2436
2491 2437
2492 2438
2493 2439
2494 2440
2495 2441
2496 2442
2497 2443
2498 2444
2499 2445
2500 2446
2501 2447
2502 2448
2503 2449
2504 2450
2505 2451
2506 2452
2507 2453
2508 2454
2509 2455
2510 2456
2511 2457
2512 2458
2513 2459
2514 2460
2515 2461
2516 2462
2517 2463
1511 2464
2518 2465
2519 2466
2520 2467
2521 2468
2522 2469
2523 2470
2524 2471
2525 2472
2526 2473
2527 2474
2528 2475
2529 2476
2530 2477
2531 2478
2532 2479
2533 2480
2534 2481
2535 2482
2536 2483
2537 2484
2538 2485
2539 2486
2540 2487
2541 2488
2542 2489
2543 2490
2544 2491
2545 2492
2546 2493
2547 2494
2389 2495
2549 2496
2550 2497
2551 2498
2552 2499
2553 2500
2554 2501
2555 2502
2556 2503
2557 2504
2558 2505
2559 2506
2560 2507
2561 2508
2562 2509
2563 2510
2564 2511
2565 2512
2566 2513
2567 2514
1805 2515
2568 2516
2569 2517
2570 2518
2571 2519
2572 2520
2573 2521
2574 2522
2575 2523
2576 2524
2577 2525
2133 2526
1516 2527
2578 2528
2579 2529
2580 2530
2581 2531
2582 2532
2583 2533
2584 2534
2585 2535
2586 2536
2587 2537
2588 2538
2589 2539
2590 2540
2591 2541
2592 2542
2593 2543
2594 2544
2595 2545
2596 2546
2597 2547
2598 2548
2599 2549
2600 2550
2601 2551
2602 2552
2603 2553
2604 2554
2605 2555
2606 2556
2607 2557
2608 2558
2609 2559
2610 2560
2611 2561
2612 2562
2613 2563
2614 2564
2615 2565
2616 2566
2617 2567
2618 2568
2619 2569
2620 2570
2621 2571
2622 2572
2623 2573
2624 2574
2625 2575
2626 2576
2627 2577
2628 2578
2629 2579
2630 2580
2631 2581
2632 2582
2633 2583
2262 2584
2634 2585
2635 2586
2636 2587
2637 2588
2638 2589
2640 2590
2641 2591
2642 2592
2643 2593
2644 2594
2645 2595
2646 2596
2647 2597
2648 2598
2649 2599
2650 2600
2651 2601
2652 2602
2653 2603
2654 2604
2655 2605
2656 2606
2657 2607
2658 2608
2659 2609
2660 2610
2661 2611
2662 2612
2663 2613
2664 2614
2665 2615
2666 2616
2667 2617
2668 2618
2669 2619
2670 2620
2671 2621
2672 2622
2673 2623
2674 2624
2675 2625
2676 2626
2677 2627
2678 2628
2679 2629
2680 2630
2681 2631
2682 2632
2683 2633
2684 2634
2685 2635
2686 2636
2687 2637
2688 2638
2689 2639
2690 2640
2691 2641
2692 2642
2693 2643
2694 2644
2695 2645
2696 2646
2697 2647
2698 2648
2699 2649
2325 2650
2700 2651
2701 2652
2702 2653
2703 2654
2704 2655
2705 2656
2706 2657
2707 2658
2709 2659
2710 2660
518 2661
2711 2662
2712 2663
2713 2664
2714 2665
2715 2666
2716 2667
2717 2668
2718 2669
2719 2670
2720 2671
2721 2672
1307 2673
2722 2674
2723 2675
2724 2676
2725 2677
2726 2678
2727 2679
2728 2680
2729 2681
2730 2682
2731 2683
2732 2684
2733 2685
2734 2686
2735 2687
2736 2688
2737 2689
2738 2690
2739 2691
2740 2692
2741 2693
2742 2694
2743 2695
2744 2696
2745 2697
2746 2698
2747 2699
2748 2700
2749 2701
2750 2702
2751 2703
2752 2704
2753 2705
2754 2706
2755 2707
2756 2708
2757 2709
2758 2710
2759 2711
2708 2712
1562 2713
1563 2714
2760 2715
2761 2716
2762 2717
2763 2718
2764 2719
2765 2720
2767 2721
2769 2722
2770 2723
2771 2724
2772 2725
2774 2726
2775 2727
2776 2728
2777 2729
2778 2730
2779 2731
2782 2732
2783 2733
2784 2734
2785 2735
2786 2736
2787 2737
2788 2738
2789 2739
2790 2740
2791 2741
2792 2742
2793 2743
2794 2744
2795 2745
2796 2746
2797 2747
2798 2748
2799 2749
2800 2750
2801 2751
2802 2752
639 2753
2803 2754
2804 2755
2805 2756
2806 2757
2807 2758
2808 2759
2809 2760
2810 2761
2811 2762
2261 2763
2812 2764
2813 2765
2814 2766
2815 2767
2818 2768
2819 2769
2821 2770
2822 2771
2823 2772
2824 2773
2825 2774
2826 2775
2827 2776
2828 2777
2162 2778
2829 2779
2830 2780
2831 2781
2832 2782
2833 2783
2834 2784
2835 2785
2836 2786
2837 2787
2838 2788
2839 2789
2840 2790
2841 2791
2842 2792
1615 2793
2843 2794
2844 2795
2845 2796
2846 2797
2847 2798
2039 2799
2848 2800
2849 2801
2850 2802
2851 2803
2852 2804
2853 2805
2854 2806
2855 2807
2856 2808
519 2809
2857 2810
2858 2811
2859 2812
2860 2813
2861 2814
2862 2815
2863 2816
2864 2817
2865 2818
2866 2819
2867 2820
2868 2821
2869 2822
2870 2823
2871 2824
2872 2825
2873 2826
2874 2827
2875 2828
2876 2829
1226 2830
2877 2831
2878 2832
2879 2833
2548 2834
2880 2835
2881 2836
92 2837
2882 2838
2883 2839
2884 2840
2885 2841
2886 2842
2887 2843
2888 2844
2889 2845
2890 2846
2891 2847
2892 2848
2894 2849
2895 2850
2896 2851
2897 2852
2898 2853
2899 2854
2901 2855
1594 2856
2902 2857
2903 2858
2904 2859
2905 2860
2906 2861
2907 2862
2908 2863
2909 2864
2910 2865
2911 2866
2912 2867
2913 2868
2914 2869
2915 2870
2916 2871
2917 2872
2918 2873
2919 2874
2920 2875
2921 2876
2922 2877
2923 2878
2926 2879
540 2880
2928 2881
2929 2882
2930 2883
2931 2884
2932 2885
2933 2886
2934 2887
2935 2888
2936 2889
2937 2890
2938 2891
2939 2892
2940 2893
2941 2894
2942 2895
2943 2896
2944 2897
2945 2898
2946 2899
2947 2900
2948 2901
2949 2902
2950 2903
2951 2904
2952 2905
2953 2906
2954 2907
2955 2908
2956 2909
2957 2910
2958 2911
2766 2912
2959 2913
2276 2914
2960 2915
2961 2916
1614 2917
2962 2918
2964 2919
1281 2920
2965 2921
2966 2922
2968 2923
2969 2924
2970 2925
2971 2926
2972 2927
2973 2928
2974 2929
2975 2930
2976 2931
2977 2932
2978 2933
2979 2934
2980 2935
2981 2936
2982 2937
2983 2938
2984 2939
2985 2940
2986 2941
2987 2942
2988 2943
2989 2944
2990 2945
2991 2946
2992 2947
2993 2948
2994 2949
2995 2950
2996 2951
2997 2952
2998 2953
2999 2954
3000 2955
3001 2956
3002 2957
1773 2958
3003 2959
3004 2960
3005 2961
3006 2962
3007 2963
3008 2964
3009 2965
3010 2966
3011 2967
3012 2968
3013 2969
3014 2970
3015 2971
2285 2972
3016 2973
3017 2974
3018 2975
3019 2976
1308 2977
3020 2978
3021 2979
3022 2980
3023 2981
3026 2982
3027 2983
3028 2984
3029 2985
3030 2986
3031 2987
3032 2988
3033 2989
3034 2990
3035 2991
3036 2992
3037 2993
3038 2994
3039 2995
3040 2996
3041 2997
3042 2998
3043 2999
3044 3000
3045 3001
3046 3002
2924 3003
3047 3004
3048 3005
3049 3006
3050 3007
3051 3008
3052 3009
3053 3010
615 3011
3054 3012
2330 3013
1168 3014
3055 3015
2392 3016
3056 3017
3057 3018
3058 3019
3059 3020
3060 3021
3061 3022
3062 3023
3063 3024
3064 3025
3065 3026
3066 3027
3068 3028
3069 3029
3070 3030
3071 3031
3072 3032
3073 3033
3074 3034
3075 3035
3076 3036
3079 3037
3080 3038
3081 3039
3083 3040
3084 3041
3085 3042
3086 3043
3087 3044
3088 3045
3089 3046
3090 3047
3091 3048
3092 3049
3093 3050
3078 3051
3094 3052
3095 3053
3096 3054
3097 3055
3098 3056
3099 3057
2967 3058
3100 3059
3101 3060
3102 3061
3103 3062
3104 3063
3105 3064
3106 3065
3107 3066
3108 3067
3109 3068
3110 3069
3067 3070
1927 3071
3111 3072
3112 3073
3115 3074
3116 3075
3117 3076
3118 3077
3120 3078
3121 3079
3122 3080
3123 3081
3125 3082
3127 3083
3128 3084
3129 3085
3130 3086
3131 3087
3133 3088
3134 3089
3136 3090
3137 3091
3138 3092
3139 3093
3140 3094
3114 3095
3141 3096
3142 3097
3143 3098
3144 3099
3145 3100
3146 3101
3147 3102
3149 3103
3150 3104
3151 3105
3152 3106
3153 3107
3154 3108
3155 3109
3156 3110
3157 3111
3158 3112
3159 3113
3160 3114
3161 3115
3162 3116
3163 3117
3164 3118
3165 3119
3166 3120
3167 3121
3168 3122
3170 3123
3171 3124
3172 3125
3173 3126
3174 3127
3175 3128
3176 3129
3177 3130
3178 3131
3179 3132
3180 3133
3181 3134
3182 3135
3183 3136
3184 3137
3185 3138
3186 3139
3187 3140
3188 3141
3189 3142
3190 3143
3191 3144
3025 3145
3194 3146
3195 3147
3199 3148
3200 3149
3201 3150
3202 3151
3203 3152
3204 3153
3205 3154
3206 3155
3207 3156
3208 3157
3209 3158
3210 3159
3211 3160
3212 3161
3213 3162
3214 3163
3215 3164
3216 3165
3217 3166
3218 3167
3219 3168
3220 3169
3221 3170
3222 3171
2639 3172
3223 3173
3224 3174
3225 3175
3226 3176
3227 3177
3228 3178
3229 3179
3230 3180
3231 3181
3233 3182
3234 3183
3113 3184
1926 3185
3235 3186
3236 3187
3237 3188
3238 3189
3239 3190
3240 3191
3241 3192
3242 3193
3243 3194
3244 3195
3245 3196
3246 3197
481 3198
3247 3199
3248 3200
3249 3201
3250 3202
3251 3203
3252 3204
3253 3205
3254 3206
3255 3207
3256 3208
3257 3209
3258 3210
3259 3211
3260 3212
3261 3213
3262 3214
3263 3215
3264 3216
3265 3217
3266 3218
3267 3219
3268 3220
3269 3221
2963 3222
3270 3223
3271 3224
3272 3225
3273 3226
3274 3227
3276 3228
3277 3229
3278 3230
3281 3231
3282 3232
3283 3233
3284 3234
3285 3235
3286 3236
3287 3237
2319 3238
3288 3239
3289 3240
3290 3241
3291 3242
3275 3243
3292 3244
3293 3245
3294 3246
3295 3247
3296 3248
2820 3249
3297 3250
3298 3251
3299 3252
3301 3253
3302 3254
3024 3255
3303 3256
3198 3257
453 3258
3304 3259
3305 3260
3306 3261
3307 3262
3308 3263
3309 3264
3310 3265
3311 3266
3312 3267
3313 3268
3314 3269
3315 3270
3316 3271
3317 3272
1891 3273
3318 3274
3148 3275
3319 3276
3320 3277
3321 3278
3322 3279
3323 3280
3324 3281
3325 3282
3326 3283
3327 3284
3328 3285
3329 3286
3330 3287
3331 3288
3332 3289
3333 3290
3334 3291
3335 3292
3336 3293
3337 3294
3338 3295
3339 3296
2320 3297
3340 3298
3341 3299
3342 3300
3343 3301
3344 3302
3345 3303
3346 3304
3347 3305
3348 3306
3349 3307
3350 3308
3351 3309
3352 3310
3353 3311
3354 3312
3355 3313
3356 3314
3357 3315
2202 3316
3358 3317
3359 3318
3360 3319
3361 3320
3362 3321
3363 3322
3364 3323
3365 3324
3366 3325
1504 3326
3077 3327
3367 3328
3197 3329
3368 3330
3369 3331
3370 3332
3371 3333
3372 3334
3373 3335
3132 3336
3374 3337
3375 3338
3377 3339
3379 3340
2209 3341
3380 3342
3381 3343
3382 3344
3383 3345
3384 3346
3385 3347
3386 3348
3387 3349
3389 3350
3390 3351
3391 3352
3392 3353
2927 3354
3393 3355
3394 3356
3378 3357
3395 3358
3396 3359
3397 3360
3398 3361
3399 3362
3400 3363
3401 3364
3402 3365
3404 3366
2347 3367
3405 3368
3406 3369
3407 3370
3408 3371
3409 3372
3410 3373
3411 3374
1897 3375
3412 3376
3413 3377
3414 3378
3415 3379
3416 3380
3417 3381
3135 3382
3418 3383
3419 3384
3420 3385
3421 3386
3422 3387
3423 3388
3424 3389
3425 3390
3426 3391
3427 3392
3428 3393
3429 3394
3430 3395
3431 3396
3432 3397
3433 3398
3434 3399
3435 3400
3436 3401
3437 3402
3438 3403
3439 3404
2327 3405
2925 3406
3440 3407
3441 3408
2003 3409
3442 3410
2034 3411
3443 3412
2768 3413
3444 3414
3445 3415
3446 3416
3447 3417
3448 3418
3449 3419
3450 3420
3451 3421
3452 3422
3232 3423
3453 3424
3454 3425
3455 3426
3456 3427
3457 3428
3459 3429
3460 3430
3461 3431
3462 3432
3463 3433
3464 3434
470 3435
3465 3436
3466 3437
3467 3438
3468 3439
3469 3440
3470 3441
3471 3442
3472 3443
3473 3444
3474 3445
3475 3446
3476 3447
3477 3448
3478 3449
3479 3450
3480 3451
3481 3452
3482 3453
3483 3454
3484 3455
3485 3456
3486 3457
3487 3458
3488 3459
3489 3460
3490 3461
3491 3462
3492 3463
3493 3464
3494 3465
3495 3466
3496 3467
3497 3468
3300 3469
3498 3470
3499 3471
3500 3472
3501 3473
3502 3474
3503 3475
3504 3476
3505 3477
3506 3478
3507 3479
3508 3480
3509 3481
3510 3482
3511 3483
3512 3484
3513 3485
3514 3486
3515 3487
3516 3488
3517 3489
3518 3490
3519 3491
3520 3492
3124 3493
3521 3494
3522 3495
3523 3496
3524 3497
3388 3498
3525 3499
3526 3500
3527 3501
3528 3502
3529 3503
3530 3504
2781 3505
3531 3506
3532 3507
3534 3508
3535 3509
3536 3510
3537 3511
3538 3512
3539 3513
2122 3514
2213 3515
3540 3516
3541 3517
2780 3518
3542 3519
3403 3520
3543 3521
3544 3522
3545 3523
3546 3524
3458 3525
3547 3526
3548 3527
3549 3528
3550 3529
3551 3530
3552 3531
3553 3532
3554 3533
3556 3534
2773 3535
3557 3536
3558 3537
2900 3538
3560 3539
582 3540
3562 3541
3564 3542
3555 3543
3565 3544
3566 3545
3567 3546
3568 3547
3569 3548
3570 3549
3571 3550
3572 3551
3573 3552
3576 3553
3082 3554
3577 3555
3578 3556
614 3557
3280 3558
3279 3559
3579 3560
3580 3561
3582 3562
3583 3563
3584 3564
3585 3565
3586 3566
3587 3567
3575 3568
3588 3569
3589 3570
3563 3571
2817 3572
3590 3573
3591 3574
3126 3575
3592 3576
3593 3577
3594 3578
3595 3579
3596 3580
3597 3581
3169 3582
3598 3583
2893 3584
3599 3585
3600 3586
3561 3587
3601 3588
3602 3589
3604 3590
3605 3591
3607 3592
3608 3593
3609 3594
2816 3595
3610 3596
3611 3597
3612 3598
3376 3599
3613 3600
3615 3601
3616 3602
3617 3603
3533 3604
3618 3605
3619 3606
3620 3607
3621 3608
3622 3609
2349 3610
3623 3611
3606 3612
3624 3613
3625 3614
3626 3615
3603 3616
3559 3617
3627 3618
3629 3619
3630 3620
3631 3621
3632 3622
3628 3623
3196 3624
3574 3625
3581 3626
3633 3627
3634 3628
3635 3629
3636 3630
3637 3631
3638 3632
3639 3633
3640 3634
3641 3635
3642 3636
3643 3637
3193 3638
3644 3639
3614 3640
3645 3641
3646 3642
3192 3643
3119 3644
2470 3645
