1 1001
2 1002
3 1003
4 1004
5 1005
6 1006
9 1007
10 1008
11 1009
12 1010
13 1011
14 1012
15 1013
16 1014
17 1015
18 1016
19 1017
20 1018
21 1019
22 1020
23 1021
24 1022
25 1023
26 1024
27 1025
28 1026
29 1027
30 1028
31 1029
32 1030
33 1031
34 1032
35 1033
36 1034
37 1035
38 1036
39 1037
40 1038
41 1039
42 1040
43 1041
44 1042
45 1043
46 1044
47 1045
48 1046
49 1047
50 1048
51 1049
52 1050
53 1051
54 1052
55 1053
56 1054
57 1055
58 1056
59 1057
60 1058
63 1059
64 1060
65 1061
66 1062
67 1063
68 1064
69 1065
70 1066
71 1067
72 1068
73 1069
74 1070
75 1071
76 1072
77 1073
78 1074
79 1075
80 1076
81 1077
82 1078
83 1079
84 1080
85 1081
86 1082
87 1083
88 1084
89 1085
90 1086
91 1087
94 1088
95 1089
96 1090
97 1091
98 1092
99 1093
100 1094
101 1095
102 1096
103 1097
104 1098
105 1099
106 1100
107 1101
108 1102
109 1103
110 1104
111 1105
112 1106
113 1107
114 1108
115 1109
116 1110
117 1111
118 1112
119 1113
120 1114
121 1115
122 1116
123 1117
124 1118
125 1119
126 1120
127 1121
128 1122
129 1123
130 1124
131 1125
132 1126
133 1127
134 1128
135 1129
136 1130
137 1131
138 1132
139 1133
140 1134
141 1135
142 1136
143 1137
144 1138
145 1139
146 1140
147 1141
148 1142
149 1143
150 1144
151 1145
152 1146
153 1147
154 1148
155 1149
156 1150
159 1151
160 1152
161 1153
162 1154
163 1155
164 1156
165 1157
166 1158
167 1159
168 1160
171 1161
172 1162
173 1163
174 1164
175 1165
176 1166
177 1167
178 1168
179 1169
180 1170
181 1171
182 1172
183 1173
184 1174
185 1175
186 1176
189 1177
190 1178
191 1179
192 1180
193 1181
194 1182
195 1183
196 1184
197 1185
198 1186
199 1187
200 1188
201 1189
202 1190
203 1191
204 1192
205 1193
206 1194
207 1195
208 1196
209 1197
210 1198
211 1199
212 1200
213 1201
214 1202
215 1203
216 1204
217 1205
218 1206
219 1207
220 1208
221 1209
222 1210
223 1211
224 1212
225 1213
226 1214
227 1215
228 1216
229 1217
230 1218
231 1219
232 1220
233 1221
234 1222
235 1223
236 1224
237 1225
238 1226
239 1227
240 1228
241 1229
242 1230
243 1231
244 1232
245 1233
246 1234
247 1235
248 1236
249 1237
250 1238
251 1239
252 1240
253 1241
254 1242
255 1243
256 1244
257 1245
258 1246
259 1247
260 1248
261 1249
262 1250
263 1251
264 1252
265 1253
266 1254
267 1255
268 1256
269 1257
270 1258
271 1259
272 1260
273 1261
274 1262
275 1263
276 1264
277 1265
278 1266
279 1267
280 1268
281 1269
282 1270
283 1271
284 1272
285 1273
286 1274
287 1275
288 1276
289 1277
290 1278
291 1279
292 1280
293 1281
294 1282
295 1283
296 1284
297 1285
298 1286
299 1287
300 1288
301 1289
302 1290
303 1291
304 1292
305 1293
306 1294
307 1295
308 1296
309 1297
310 1298
311 1299
312 1300
313 1301
314 1302
315 1303
316 1304
317 1305
318 1306
319 1307
320 1308
321 1309
322 1310
323 1311
324 1312
325 1313
326 1314
327 1315
328 1316
329 1317
330 1318
331 1319
332 1320
333 1321
334 1322
335 1323
336 1324
337 1325
338 1326
339 1327
188 1328
340 1329
341 1330
342 1331
343 1332
344 1333
345 1334
346 1335
347 1336
348 1337
349 1338
350 1339
351 1340
352 1341
353 1342
354 1343
355 1344
356 1345
357 1346
358 1347
359 1348
360 1349
361 1350
362 1351
363 1352
364 1353
365 1354
366 1355
367 1356
368 1357
369 1358
370 1359
371 1360
372 1361
373 1362
374 1363
377 1364
378 1365
379 1366
381 1367
382 1368
383 1369
384 1370
385 1371
386 1372
387 1373
388 1374
389 1375
390 1376
391 1377
392 1378
393 1379
394 1380
395 1381
396 1382
397 1383
398 1384
399 1385
400 1386
401 1387
402 1388
403 1389
404 1390
405 1391
406 1392
407 1393
408 1394
409 1395
410 1396
411 1397
412 1398
413 1399
414 1400
415 1401
416 1402
417 1403
418 1404
419 1405
420 1406
421 1407
422 1408
423 1409
424 1410
425 1411
426 1412
427 1413
428 1414
429 1415
430 1416
431 1417
432 1418
433 1419
434 1420
435 1421
436 1422
437 1423
438 1424
439 1425
440 1426
441 1427
442 1428
443 1429
444 1430
445 1431
446 1432
447 1433
448 1434
449 1435
450 1436
451 1437
452 1438
455 1439
456 1440
457 1441
458 1442
459 1443
460 1444
461 1445
462 1446
463 1447
464 1448
465 1449
466 1450
467 1451
468 1452
471 1453
472 1454
473 1455
474 1456
475 1457
476 1458
477 1459
478 1460
479 1461
480 1462
483 1463
484 1464
485 1465
486 1466
487 1467
488 1468
489 1469
490 1470
491 1471
492 1472
493 1473
494 1474
495 1475
496 1476
497 1477
499 1478
500 1479
501 1480
502 1481
503 1482
504 1483
505 1484
506 1485
507 1486
508 1487
509 1488
512 1489
513 1490
514 1491
515 1492
516 1493
517 1494
520 1495
521 1496
522 1497
523 1498
524 1499
525 1500
526 1501
527 1502
530 1503
531 1504
532 1505
533 1506
534 1507
535 1508
536 1509
537 1510
538 1511
541 1512
542 1513
543 1514
544 1515
545 1516
546 1517
498 1518
547 1519
548 1520
549 1521
550 1522
551 1523
552 1524
553 1525
554 1526
555 1527
556 1528
557 1529
558 1530
559 1531
560 1532
169 1533
561 1534
562 1535
565 1536
566 1537
567 1538
568 1539
569 1540
570 1541
571 1542
572 1543
573 1544
574 1545
575 1546
576 1547
577 1548
578 1549
579 1550
580 1551
583 1552
584 1553
585 1554
586 1555
158 1556
587 1557
588 1558
589 1559
590 1560
591 1561
592 1562
593 1563
594 1564
595 1565
596 1566
597 1567
598 1568
599 1569
600 1570
601 1571
602 1572
603 1573
604 1574
605 1575
606 1576
607 1577
608 1578
609 1579
610 1580
611 1581
612 1582
613 1583
616 1584
617 1585
618 1586
619 1587
620 1588
621 1589
622 1590
623 1591
624 1592
625 1593
626 1594
627 1595
628 1596
629 1597
630 1598
631 1599
632 1600
633 1601
634 1602
635 1603
636 1604
637 1605
640 1606
641 1607
642 1608
643 1609
644 1610
645 1611
646 1612
647 1613
648 1614
649 1615
650 1616
651 1617
652 1618
653 1619
654 1620
655 1621
656 1622
657 1623
658 1624
659 1625
660 1626
661 1627
662 1628
663 1629
664 1630
665 1631
666 1632
667 1633
668 1634
669 1635
670 1636
671 1637
672 1638
673 1639
674 1640
675 1641
676 1642
677 1643
678 1644
679 1645
680 1646
681 1647
682 1648
683 1649
684 1650
685 1651
686 1652
687 1653
688 1654
689 1655
690 1656
691 1657
692 1658
693 1659
694 1660
695 1661
696 1662
697 1663
698 1664
699 1665
638 1666
700 1667
701 1668
702 1669
703 1670
704 1671
705 1672
706 1673
707 1674
708 1675
709 1676
710 1677
711 1678
712 1679
713 1680
714 1681
715 1682
716 1683
717 1684
718 1685
719 1686
720 1687
721 1688
722 1689
723 1690
724 1691
725 1692
726 1693
727 1694
728 1695
729 1696
730 1697
731 1698
732 1699
733 1700
734 1701
735 1702
736 1703
737 1704
61 1705
738 1706
739 1707
740 1708
741 1709
742 1710
743 1711
744 1712
745 1713
747 1714
748 1715
749 1716
750 1717
751 1718
752 1719
753 1720
754 1721
755 1722
756 1723
758 1724
759 1725
760 1726
761 1727
762 1728
763 1729
764 1730
765 1731
766 1732
767 1733
768 1734
769 1735
770 1736
771 1737
772 1738
773 1739
774 1740
775 1741
776 1742
777 1743
778 1744
779 1745
780 1746
781 1747
782 1748
783 1749
784 1750
785 1751
786 1752
787 1753
788 1754
789 1755
790 1756
791 1757
792 1758
793 1759
794 1760
795 1761
796 1762
797 1763
798 1764
799 1765
800 1766
801 1767
802 1768
803 1769
804 1770
805 1771
806 1772
807 1773
808 1774
539 1775
809 1776
810 1777
564 1778
563 1779
811 1780
812 1781
813 1782
814 1783
815 1784
816 1785
817 1786
818 1787
819 1788
820 1789
821 1790
822 1791
823 1792
824 1793
825 1794
826 1795
827 1796
828 1797
829 1798
830 1799
831 1800
832 1801
833 1802
834 1803
835 1804
836 1805
837 1806
838 1807
839 1808
840 1809
841 1810
842 1811
843 1812
844 1813
845 1814
846 1815
847 1816
848 1817
849 1818
850 1819
851 1820
852 1821
853 1822
854 1823
855 1824
856 1825
857 1826
858 1827
859 1828
860 1829
861 1830
862 1831
863 1832
864 1833
865 1834
866 1835
867 1836
868 1837
869 1838
870 1839
871 1840
872 1841
873 1842
874 1843
875 1844
876 1845
877 1846
878 1847
879 1848
880 1849
881 1850
882 1851
883 1852
884 1853
885 1854
886 1855
887 1856
888 1857
889 1858
890 1859
891 1860
892 1861
893 1862
894 1863
895 1864
896 1865
897 1866
898 1867
899 1868
900 1869
901 1870
902 1871
903 1872
904 1873
905 1874
906 1875
907 1876
908 1877
909 1878
910 1879
911 1880
912 1881
913 1882
914 1883
915 1884
916 1885
917 1886
918 1887
919 1888
920 1889
921 1890
922 1891
923 1892
924 1893
925 1894
926 1895
927 1896
928 1897
929 1898
930 1899
931 1900
932 1901
933 1902
934 1903
935 1904
936 1905
937 1906
938 1907
939 1908
940 1909
941 1910
942 1911
943 1912
944 1913
945 1914
946 1915
947 1916
948 1917
949 1918
950 1919
951 1920
952 1921
953 1922
954 1923
955 1924
956 1925
957 1926
958 1927
959 1928
960 1929
961 1930
962 1931
963 1932
964 1933
965 1934
966 1935
967 1936
968 1937
969 1938
970 1939
971 1940
972 1941
973 1942
974 1943
975 1944
976 1945
977 1946
978 1947
979 1948
980 1949
981 1950
982 1951
983 1952
984 1953
985 1954
986 1955
987 1956
988 1957
989 1958
990 1959
991 1960
992 1961
993 1962
994 1963
995 1964
996 1965
997 1966
998 1967
999 1968
1000 1969
1001 1970
1002 1971
1003 1972
1004 1973
1005 1974
1006 1975
1007 1976
1008 1977
1009 1978
1010 1979
1011 1980
1012 1981
1013 1982
1014 1983
1015 1984
1016 1985
1017 1986
1018 1987
1019 1988
1020 1989
1021 1990
1022 1991
1023 1992
1024 1993
1025 1994
1026 1995
1027 1996
1028 1997
1029 1998
1030 1999
1031 2000
1032 2001
1033 2002
1034 2003
1035 2004
1036 2005
1037 2006
1038 2007
1039 2008
1040 2009
1041 2010
1042 2011
1043 2012
1044 2013
1045 2014
1046 2015
1047 2016
1048 2017
1049 2018
1050 2019
1051 2020
1052 2021
1053 2022
1054 2023
1055 2024
1056 2025
1057 2026
1058 2027
1059 2028
1060 2029
1061 2030
1062 2031
1063 2032
1064 2033
1065 2034
1066 2035
1067 2036
1068 2037
1069 2038
1070 2039
1071 2040
1072 2041
1073 2042
1074 2043
1075 2044
1076 2045
1077 2046
510 2047
511 2048
1080 2049
1081 2050
1082 2051
1083 2052
1084 2053
1085 2054
1086 2055
1087 2056
1088 2057
1089 2058
1090 2059
1091 2060
1092 2061
1093 2062
1094 2063
1095 2064
1096 2065
1097 2066
1098 2067
1099 2068
1100 2069
1101 2070
1102 2071
1103 2072
1104 2073
1105 2074
1106 2075
1107 2076
1108 2077
1109 2078
1110 2079
1111 2080
1112 2081
1079 2082
1113 2083
1114 2084
1115 2085
1116 2086
1117 2087
1118 2088
1119 2089
1120 2090
1121 2091
1122 2092
1123 2093
1124 2094
1125 2095
1126 2096
1127 2097
1128 2098
1129 2099
1130 2100
1131 2101
1132 2102
1133 2103
1134 2104
1135 2105
1136 2106
1137 2107
1138 2108
1139 2109
1140 2110
1141 2111
1142 2112
1143 2113
1144 2114
1145 2115
1146 2116
1147 2117
1148 2118
1149 2119
1150 2120
1151 2121
1152 2122
1153 2123
1154 2124
1155 2125
1156 2126
1157 2127
157 2128
1158 2129
1159 2130
1160 2131
1161 2132
1162 2133
1163 2134
1164 2135
1165 2136
1166 2137
1167 2138
1169 2139
1170 2140
1171 2141
1172 2142
1173 2143
1174 2144
1175 2145
1176 2146
1177 2147
1178 2148
1179 2149
1180 2150
1181 2151
1182 2152
1183 2153
1184 2154
1185 2155
1186 2156
1187 2157
1188 2158
1189 2159
1190 2160
1191 2161
1192 2162
1193 2163
1194 2164
1195 2165
1196 2166
1197 2167
1198 2168
1199 2169
1200 2170
1201 2171
1202 2172
1203 2173
1204 2174
1205 2175
1206 2176
1207 2177
1208 2178
1209 2179
1210 2180
1211 2181
1212 2182
1213 2183
1214 2184
1215 2185
1216 2186
1217 2187
1218 2188
1219 2189
1220 2190
1221 2191
1222 2192
1223 2193
1224 2194
1225 2195
1229 2196
1234 2197
1235 2198
1236 2199
1237 2200
1238 2201
1239 2202
1240 2203
1241 2204
1242 2205
1243 2206
1244 2207
1245 2208
1246 2209
1247 2210
1248 2211
1249 2212
1250 2213
1251 2214
1252 2215
1253 2216
1254 2217
1255 2218
1256 2219
1257 2220
1258 2221
1259 2222
1228 2223
1260 2224
1261 2225
1262 2226
1263 2227
1264 2228
1265 2229
1266 2230
1267 2231
1268 2232
1269 2233
1270 2234
1271 2235
1272 2236
1273 2237
1276 2238
1274 2239
1277 2240
1278 2241
1279 2242
1280 2243
1282 2244
170 2245
1283 2246
1284 2247
1285 2248
1286 2249
1287 2250
1288 2251
1289 2252
1290 2253
1291 2254
1292 2255
1293 2256
1294 2257
1295 2258
1296 2259
1297 2260
1298 2261
1299 2262
1300 2263
1301 2264
1302 2265
1303 2266
1304 2267
1305 2268
1306 2269
1309 2270
529 2271
1310 2272
1311 2273
1312 2274
1313 2275
1314 2276
1315 2277
1316 2278
1317 2279
1318 2280
1319 2281
1320 2282
1321 2283
1322 2284
1323 2285
1324 2286
1325 2287
1326 2288
1329 2289
1330 2290
1331 2291
1233 2292
1332 2293
1333 2294
1334 2295
1335 2296
1336 2297
1337 2298
1338 2299
1339 2300
1340 2301
1341 2302
1342 2303
1343 2304
1344 2305
62 2306
1345 2307
1346 2308
1347 2309
1348 2310
1349 2311
1350 2312
1351 2313
1352 2314
1353 2315
1354 2316
1355 2317
1356 2318
1357 2319
1358 2320
1359 2321
757 2322
1360 2323
1361 2324
1362 2325
1363 2326
1364 2327
1365 2328
1366 2329
1367 2330
1368 2331
1369 2332
1370 2333
1371 2334
1372 2335
1373 2336
1374 2337
1375 2338
1376 2339
1377 2340
1378 2341
1379 2342
1380 2343
1381 2344
1382 2345
1383 2346
1384 2347
1385 2348
1386 2349
1387 2350
1388 2351
1389 2352
1390 2353
1391 2354
1392 2355
1393 2356
1394 2357
1395 2358
1396 2359
1397 2360
1398 2361
1399 2362
1400 2363
1401 2364
1402 2365
1403 2366
1404 2367
1405 2368
1406 2369
1407 2370
1408 2371
1409 2372
1410 2373
1411 2374
1412 2375
1413 2376
1414 2377
1415 2378
1416 2379
1417 2380
1418 2381
1419 2382
1420 2383
1421 2384
1422 2385
1423 2386
1424 2387
1425 2388
1426 2389
1427 2390
1428 2391
1429 2392
1430 2393
1431 2394
1432 2395
1433 2396
1434 2397
1435 2398
1230 2399
1436 2400
1437 2401
1438 2402
1439 2403
1440 2404
1441 2405
1442 2406
1443 2407
1444 2408
1445 2409
1446 2410
1447 2411
1448 2412
1449 2413
1450 2414
1451 2415
1452 2416
1453 2417
1454 2418
1455 2419
1456 2420
1457 2421
1458 2422
1459 2423
1460 2424
1461 2425
1462 2426
1463 2427
1464 2428
1465 2429
1466 2430
454 2431
1467 2432
1468 2433
1469 2434
1470 2435
1471 2436
1472 2437
1473 2438
1474 2439
1475 2440
1476 2441
1477 2442
1478 2443
1479 2444
1480 2445
1481 2446
1482 2447
1483 2448
1484 2449
1485 2450
1486 2451
1487 2452
1488 2453
1489 2454
1490 2455
1491 2456
1492 2457
1493 2458
1494 2459
1495 2460
1496 2461
1497 2462
1498 2463
1499 2464
1500 2465
1501 2466
1502 2467
1505 2468
1506 2469
1507 2470
1508 2471
1509 2472
1510 2473
1513 2474
1514 2475
1515 2476
1518 2477
1519 2478
1520 2479
1521 2480
1522 2481
1523 2482
1524 2483
1525 2484
1526 2485
1527 2486
1528 2487
1529 2488
1530 2489
1531 2490
1532 2491
1533 2492
1534 2493
1535 2494
1536 2495
1537 2496
1538 2497
1539 2498
1540 2499
1541 2500
1542 2501
1543 2502
1544 2503
1545 2504
1546 2505
1547 2506
1548 2507
1549 2508
1550 2509
1551 2510
1552 2511
1553 2512
1554 2513
1555 2514
1556 2515
1557 2516
8 2517
1558 2518
1559 2519
1561 2520
1564 2521
1565 2522
1566 2523
1567 2524
1568 2525
1569 2526
1570 2527
1571 2528
1572 2529
1573 2530
1574 2531
1575 2532
1576 2533
1577 2534
1578 2535
1579 2536
1580 2537
1581 2538
1582 2539
1583 2540
1584 2541
1585 2542
1586 2543
1587 2544
1588 2545
1589 2546
1590 2547
1591 2548
1592 2549
1593 2550
1595 2551
1596 2552
1597 2553
1598 2554
1599 2555
1600 2556
1601 2557
1602 2558
1603 2559
1604 2560
1605 2561
1606 2562
1607 2563
1608 2564
1609 2565
1610 2566
1611 2567
1612 2568
1613 2569
1616 2570
1618 2571
1619 2572
1620 2573
1621 2574
1622 2575
1623 2576
1624 2577
1625 2578
482 2579
1626 2580
1627 2581
1628 2582
1275 2583
1629 2584
1630 2585
1631 2586
1632 2587
1633 2588
1634 2589
1635 2590
1636 2591
1637 2592
1638 2593
1639 2594
1640 2595
1641 2596
1642 2597
1643 2598
1644 2599
1645 2600
1646 2601
1647 2602
1648 2603
1649 2604
1650 2605
1651 2606
1652 2607
1653 2608
1654 2609
1655 2610
1656 2611
1657 2612
1658 2613
1659 2614
1660 2615
1661 2616
1662 2617
1663 2618
1664 2619
1665 2620
1666 2621
1667 2622
1668 2623
1669 2624
1670 2625
1671 2626
1672 2627
1673 2628
1674 2629
1675 2630
1676 2631
1677 2632
1678 2633
1679 2634
1680 2635
1681 2636
1682 2637
1683 2638
1684 2639
1685 2640
1328 2641
1686 2642
1687 2643
1688 2644
1689 2645
1690 2646
1231 2647
1691 2648
1692 2649
1693 2650
1694 2651
1695 2652
1696 2653
1697 2654
1698 2655
1699 2656
375 2657
1700 2658
1701 2659
1702 2660
1703 2661
1704 2662
1705 2663
1706 2664
1707 2665
1708 2666
1709 2667
1710 2668
1711 2669
1712 2670
1327 2671
1713 2672
1714 2673
1715 2674
1716 2675
1717 2676
1718 2677
1719 2678
1720 2679
1721 2680
1722 2681
1723 2682
1724 2683
1725 2684
1726 2685
1727 2686
1728 2687
1729 2688
1730 2689
1731 2690
1732 2691
1733 2692
1734 2693
1735 2694
1736 2695
1737 2696
1738 2697
1739 2698
1740 2699
1741 2700
1742 2701
1743 2702
1744 2703
1745 2704
1746 2705
1747 2706
1748 2707
1749 2708
1750 2709
1751 2710
1752 2711
1753 2712
1754 2713
1755 2714
1756 2715
1757 2716
1758 2717
1759 2718
1760 2719
1761 2720
1762 2721
1763 2722
1764 2723
1765 2724
1766 2725
1767 2726
1768 2727
1769 2728
1770 2729
1771 2730
1772 2731
1774 2732
1560 2733
1775 2734
1776 2735
1777 2736
1778 2737
1779 2738
1780 2739
1781 2740
1782 2741
1783 2742
1784 2743
1785 2744
1786 2745
1787 2746
1788 2747
1789 2748
1790 2749
1791 2750
1517 2751
1792 2752
1793 2753
1794 2754
1795 2755
1796 2756
1797 2757
1798 2758
1799 2759
1800 2760
1801 2761
1802 2762
1803 2763
1806 2764
1807 2765
1808 2766
1809 2767
1810 2768
1811 2769
1812 2770
1813 2771
1814 2772
1815 2773
1816 2774
1817 2775
1818 2776
1819 2777
1820 2778
1821 2779
1822 2780
93 2781
1824 2782
1825 2783
1826 2784
1827 2785
1828 2786
1829 2787
1830 2788
1831 2789
1832 2790
1833 2791
1834 2792
1835 2793
1836 2794
1837 2795
1838 2796
1839 2797
1840 2798
1841 2799
1842 2800
1843 2801
1844 2802
1845 2803
1846 2804
1847 2805
1848 2806
1849 2807
1850 2808
1851 2809
1852 2810
1853 2811
1854 2812
1855 2813
1856 2814
1857 2815
1858 2816
1859 2817
1860 2818
1861 2819
1862 2820
1863 2821
1864 2822
1865 2823
1866 2824
1867 2825
1868 2826
1869 2827
1870 2828
1871 2829
1872 2830
1873 2831
1874 2832
1875 2833
1876 2834
1877 2835
1878 2836
1879 2837
1880 2838
1881 2839
1882 2840
1883 2841
1884 2842
1885 2843
1886 2844
1887 2845
1888 2846
1889 2847
1890 2848
1892 2849
1893 2850
1894 2851
1895 2852
1896 2853
1898 2854
528 2855
1899 2856
1900 2857
1901 2858
1902 2859
1903 2860
1904 2861
1905 2862
1906 2863
1907 2864
1908 2865
1909 2866
1910 2867
1911 2868
1912 2869
1913 2870
1914 2871
1915 2872
1916 2873
1917 2874
1918 2875
1919 2876
1920 2877
1921 2878
1922 2879
1923 2880
1924 2881
1925 2882
1928 2883
1929 2884
7 2885
1930 2886
1931 2887
1932 2888
1933 2889
1934 2890
1935 2891
1936 2892
1937 2893
1938 2894
1939 2895
1940 2896
1941 2897
1942 2898
1943 2899
1944 2900
1945 2901
1946 2902
1947 2903
1948 2904
1949 2905
1950 2906
1951 2907
1952 2908
1953 2909
1954 2910
1955 2911
1956 2912
1957 2913
1958 2914
1959 2915
1960 2916
1961 2917
1962 2918
1963 2919
1964 2920
1965 2921
1966 2922
1967 2923
1968 2924
1969 2925
1512 2926
1970 2927
1971 2928
1972 2929
1973 2930
1974 2931
1975 2932
1976 2933
1977 2934
1978 2935
1979 2936
1980 2937
1981 2938
1982 2939
1983 2940
1984 2941
1985 2942
1986 2943
1987 2944
1988 2945
1989 2946
1990 2947
1991 2948
1992 2949
1993 2950
1994 2951
1995 2952
1996 2953
1997 2954
1998 2955
2000 2956
2001 2957
2002 2958
2004 2959
2006 2960
2007 2961
2009 2962
2010 2963
2011 2964
2012 2965
2013 2966
2014 2967
2015 2968
2016 2969
2017 2970
2018 2971
2019 2972
2020 2973
2021 2974
2022 2975
2023 2976
2024 2977
2025 2978
2026 2979
2027 2980
2028 2981
2029 2982
2030 2983
2032 2984
2033 2985
2035 2986
2036 2987
1232 2988
2037 2989
2040 2990
2041 2991
1617 2992
2042 2993
2043 2994
2044 2995
2045 2996
2046 2997
2047 2998
2049 2999
2050 3000
2051 3001
2052 3002
2053 3003
2054 3004
2055 3005
2056 3006
2057 3007
1078 3008
2058 3009
2059 3010
2060 3011
2061 3012
2062 3013
2063 3014
2064 3015
2065 3016
2066 3017
2067 3018
2068 3019
2069 3020
2070 3021
2071 3022
2072 3023
187 3024
2073 3025
2074 3026
2075 3027
2076 3028
2077 3029
2078 3030
2079 3031
2080 3032
2081 3033
2082 3034
2083 3035
2084 3036
2085 3037
2086 3038
2087 3039
2088 3040
2048 3041
2089 3042
2090 3043
2091 3044
2092 3045
2093 3046
2094 3047
2095 3048
2096 3049
2097 3050
2098 3051
2099 3052
2100 3053
2101 3054
2102 3055
2103 3056
2104 3057
2105 3058
2106 3059
2107 3060
2108 3061
2109 3062
2110 3063
2111 3064
2112 3065
2113 3066
2114 3067
2115 3068
2116 3069
2117 3070
2118 3071
2031 3072
2119 3073
2120 3074
2121 3075
2123 3076
2124 3077
2125 3078
2126 3079
2127 3080
380 3081
2128 3082
2129 3083
2130 3084
2131 3085
2132 3086
2134 3087
2135 3088
2136 3089
2137 3090
2138 3091
2139 3092
2140 3093
2141 3094
2142 3095
2143 3096
2144 3097
2145 3098
2146 3099
2147 3100
2148 3101
2149 3102
2150 3103
2151 3104
2154 3105
2156 3106
2157 3107
2158 3108
2159 3109
2160 3110
2163 3111
2164 3112
2165 3113
2166 3114
2167 3115
2168 3116
2169 3117
2170 3118
2171 3119
2172 3120
2173 3121
2174 3122
2175 3123
2176 3124
2038 3125
2177 3126
2178 3127
2179 3128
2180 3129
2181 3130
2182 3131
2183 3132
2184 3133
2185 3134
2186 3135
2187 3136
2188 3137
2189 3138
2190 3139
2191 3140
2192 3141
2193 3142
2194 3143
2195 3144
2005 3145
2196 3146
2197 3147
2198 3148
2199 3149
2200 3150
2201 3151
2203 3152
2155 3153
2204 3154
2205 3155
2206 3156
2207 3157
2208 3158
2210 3159
2211 3160
2212 3161
2214 3162
2215 3163
2216 3164
2217 3165
2218 3166
2219 3167
2220 3168
2221 3169
2222 3170
2223 3171
2224 3172
2152 3173
2225 3174
2226 3175
2227 3176
2228 3177
2229 3178
2230 3179
2231 3180
2232 3181
2233 3182
2234 3183
2235 3184
2236 3185
2237 3186
2238 3187
2239 3188
2240 3189
2241 3190
2242 3191
2243 3192
2244 3193
2245 3194
2246 3195
2247 3196
2248 3197
2249 3198
2250 3199
2251 3200
2252 3201
2153 3202
2253 3203
2254 3204
2255 3205
2256 3206
2257 3207
581 3208
2258 3209
2259 3210
2260 3211
2263 3212
2264 3213
2265 3214
2266 3215
2267 3216
2268 3217
2008 3218
2269 3219
2270 3220
2271 3221
2272 3222
2273 3223
2274 3224
2275 3225
1227 3226
2277 3227
2278 3228
2279 3229
2280 3230
2281 3231
2282 3232
2283 3233
2284 3234
376 3235
2286 3236
2287 3237
2288 3238
2289 3239
2290 3240
2291 3241
2292 3242
2293 3243
2294 3244
2295 3245
2296 3246
2297 3247
2298 3248
2299 3249
2300 3250
2301 3251
2302 3252
2303 3253
2304 3254
2305 3255
2306 3256
2307 3257
2308 3258
2309 3259
2310 3260
2311 3261
2312 3262
2313 3263
2314 3264
2315 3265
2316 3266
2318 3267
2321 3268
2322 3269
2323 3270
2324 3271
2326 3272
2328 3273
2329 3274
2331 3275
2332 3276
2333 3277
2334 3278
2335 3279
2336 3280
2337 3281
2338 3282
2339 3283
469 3284
2340 3285
2341 3286
2342 3287
2343 3288
2344 3289
2345 3290
1503 3291
2348 3292
2350 3293
2351 3294
2352 3295
2353 3296
2354 3297
2355 3298
2356 3299
2357 3300
2358 3301
2359 3302
2360 3303
2361 3304
2362 3305
2363 3306
2364 3307
2365 3308
2366 3309
2346 3310
2367 3311
2368 3312
2369 3313
2370 3314
2371 3315
2372 3316
1804 3317
2373 3318
2374 3319
2375 3320
2376 3321
2377 3322
2378 3323
2379 3324
2380 3325
2381 3326
2382 3327
2383 3328
2384 3329
2385 3330
2386 3331
2387 3332
2388 3333
2390 3334
2391 3335
2393 3336
2394 3337
2395 3338
2396 3339
2397 3340
2398 3341
2399 3342
2400 3343
2401 3344
2402 3345
2403 3346
2404 3347
2405 3348
2406 3349
2407 3350
2408 3351
2409 3352
2410 3353
2411 3354
2412 3355
2413 3356
2414 3357
2415 3358
2416 3359
2417 3360
2418 3361
2419 3362
2420 3363
2421 3364
2422 3365
2423 3366
2424 3367
2425 3368
2426 3369
2427 3370
2428 3371
2429 3372
2430 3373
2431 3374
2432 3375
2433 3376
2434 3377
2435 3378
2436 3379
2437 3380
2438 3381
2439 3382
2440 3383
2441 3384
2442 3385
2443 3386
2444 3387
2445 3388
2446 3389
2447 3390
2448 3391
2449 3392
2450 3393
2451 3394
2452 3395
2453 3396
2454 3397
2455 3398
2456 3399
2457 3400
2161 3401
2458 3402
1823 3403
2459 3404
2317 3405
2460 3406
2461 3407
2462 3408
2463 3409
2464 3410
746 3411
2465 3412
2466 3413
2467 3414
2468 3415
2469 3416
2471 3417
2472 3418
2473 3419
2474 3420
2475 3421
2476 3422
2477 3423
2478 3424
2479 3425
2480 3426
2481 3427
2482 3428
2483 3429
2484 3430
2485 3431
2486 3432
2487 3433
2488 3434
2489 3435
1999 3436
2490 3437
2491 3438
2492 3439
2493 3440
2494 3441
2495 3442
2496 3443
2497 3444
2498 3445
2499 3446
2500 3447
2501 3448
2502 3449
2503 3450
2504 3451
2505 3452
2506 3453
2507 3454
2508 3455
2509 3456
2510 3457
2511 3458
2512 3459
2513 3460
2514 3461
2515 3462
2516 3463
2517 3464
1511 3465
2518 3466
2519 3467
2520 3468
2521 3469
2522 3470
2523 3471
2524 3472
2525 3473
2526 3474
2527 3475
2528 3476
2529 3477
2530 3478
2531 3479
2532 3480
2533 3481
2534 3482
2535 3483
2536 3484
2537 3485
2538 3486
2539 3487
2540 3488
2541 3489
2542 3490
2543 3491
2544 3492
2545 3493
2546 3494
2547 3495
2389 3496
2549 3497
2550 3498
2551 3499
2552 3500
2553 3501
2554 3502
2555 3503
2556 3504
2557 3505
2558 3506
2559 3507
2560 3508
2561 3509
2562 3510
2563 3511
2564 3512
2565 3513
2566 3514
2567 3515
1805 3516
2568 3517
2569 3518
2570 3519
2571 3520
2572 3521
2573 3522
2574 3523
2575 3524
2576 3525
2577 3526
2133 3527
1516 3528
2578 3529
2579 3530
2580 3531
2581 3532
2582 3533
2583 3534
2584 3535
2585 3536
2586 3537
2587 3538
2588 3539
2589 3540
2590 3541
2591 3542
2592 3543
2593 3544
2594 3545
2595 3546
2596 3547
2597 3548
2598 3549
2599 3550
2600 3551
2601 3552
2602 3553
2603 3554
2604 3555
2605 3556
2606 3557
2607 3558
2608 3559
2609 3560
2610 3561
2611 3562
2612 3563
2613 3564
2614 3565
2615 3566
2616 3567
2617 3568
2618 3569
2619 3570
2620 3571
2621 3572
2622 3573
2623 3574
2624 3575
2625 3576
2626 3577
2627 3578
2628 3579
2629 3580
2630 3581
2631 3582
2632 3583
2633 3584
2262 3585
2634 3586
2635 3587
2636 3588
2637 3589
2638 3590
2640 3591
2641 3592
2642 3593
2643 3594
2644 3595
2645 3596
2646 3597
2647 3598
2648 3599
2649 3600
2650 3601
2651 3602
2652 3603
2653 3604
2654 3605
2655 3606
2656 3607
2657 3608
2658 3609
2659 3610
2660 3611
2661 3612
2662 3613
2663 3614
2664 3615
2665 3616
2666 3617
2667 3618
2668 3619
2669 3620
2670 3621
2671 3622
2672 3623
2673 3624
2674 3625
2675 3626
2676 3627
2677 3628
2678 3629
2679 3630
2680 3631
2681 3632
2682 3633
2683 3634
2684 3635
2685 3636
2686 3637
2687 3638
2688 3639
2689 3640
2690 3641
2691 3642
2692 3643
2693 3644
2694 3645
2695 3646
2696 3647
2697 3648
2698 3649
2699 3650
2325 3651
2700 3652
2701 3653
2702 3654
2703 3655
2704 3656
2705 3657
2706 3658
2707 3659
2709 3660
2710 3661
518 3662
2711 3663
2712 3664
2713 3665
2714 3666
2715 3667
2716 3668
2717 3669
2718 3670
2719 3671
2720 3672
2721 3673
1307 3674
2722 3675
2723 3676
2724 3677
2725 3678
2726 3679
2727 3680
2728 3681
2729 3682
2730 3683
2731 3684
2732 3685
2733 3686
2734 3687
2735 3688
2736 3689
2737 3690
2738 3691
2739 3692
2740 3693
2741 3694
2742 3695
2743 3696
2744 3697
2745 3698
2746 3699
2747 3700
2748 3701
2749 3702
2750 3703
2751 3704
2752 3705
2753 3706
2754 3707
2755 3708
2756 3709
2757 3710
2758 3711
2759 3712
2708 3713
1562 3714
1563 3715
2760 3716
2761 3717
2762 3718
2763 3719
2764 3720
2765 3721
2767 3722
2769 3723
2770 3724
2771 3725
2772 3726
2774 3727
2775 3728
2776 3729
2777 3730
2778 3731
2779 3732
2782 3733
2783 3734
2784 3735
2785 3736
2786 3737
2787 3738
2788 3739
2789 3740
2790 3741
2791 3742
2792 3743
2793 3744
2794 3745
2795 3746
2796 3747
2797 3748
2798 3749
2799 3750
2800 3751
2801 3752
2802 3753
639 3754
2803 3755
2804 3756
2805 3757
2806 3758
2807 3759
2808 3760
2809 3761
2810 3762
2811 3763
2261 3764
2812 3765
2813 3766
2814 3767
2815 3768
2818 3769
2819 3770
2821 3771
2822 3772
2823 3773
2824 3774
2825 3775
2826 3776
2827 3777
2828 3778
2162 3779
2829 3780
2830 3781
2831 3782
2832 3783
2833 3784
2834 3785
2835 3786
2836 3787
2837 3788
2838 3789
2839 3790
2840 3791
2841 3792
2842 3793
1615 3794
2843 3795
2844 3796
2845 3797
2846 3798
2847 3799
2039 3800
2848 3801
2849 3802
2850 3803
2851 3804
2852 3805
2853 3806
2854 3807
2855 3808
2856 3809
519 3810
2857 3811
2858 3812
2859 3813
2860 3814
2861 3815
2862 3816
2863 3817
2864 3818
2865 3819
2866 3820
2867 3821
2868 3822
2869 3823
2870 3824
2871 3825
2872 3826
2873 3827
2874 3828
2875 3829
2876 3830
1226 3831
2877 3832
2878 3833
2879 3834
2548 3835
2880 3836
2881 3837
92 3838
2882 3839
2883 3840
2884 3841
2885 3842
2886 3843
2887 3844
2888 3845
2889 3846
2890 3847
2891 3848
2892 3849
2894 3850
2895 3851
2896 3852
2897 3853
2898 3854
2899 3855
2901 3856
1594 3857
2902 3858
2903 3859
2904 3860
2905 3861
2906 3862
2907 3863
2908 3864
2909 3865
2910 3866
2911 3867
2912 3868
2913 3869
2914 3870
2915 3871
2916 3872
2917 3873
2918 3874
2919 3875
2920 3876
2921 3877
2922 3878
2923 3879
2926 3880
540 3881
2928 3882
2929 3883
2930 3884
2931 3885
2932 3886
2933 3887
2934 3888
2935 3889
2936 3890
2937 3891
2938 3892
2939 3893
2940 3894
2941 3895
2942 3896
2943 3897
2944 3898
2945 3899
2946 3900
2947 3901
2948 3902
2949 3903
2950 3904
2951 3905
2952 3906
2953 3907
2954 3908
2955 3909
2956 3910
2957 3911
2958 3912
2766 3913
2959 3914
2276 3915
2960 3916
2961 3917
1614 3918
2962 3919
2964 3920
1281 3921
2965 3922
2966 3923
2968 3924
2969 3925
2970 3926
2971 3927
2972 3928
2973 3929
2974 3930
2975 3931
2976 3932
2977 3933
2978 3934
2979 3935
2980 3936
2981 3937
2982 3938
2983 3939
2984 3940
2985 3941
2986 3942
2987 3943
2988 3944
2989 3945
2990 3946
2991 3947
2992 3948
2993 3949
2994 3950
2995 3951
2996 3952
2997 3953
2998 3954
2999 3955
3000 3956
3001 3957
3002 3958
1773 3959
3003 3960
3004 3961
3005 3962
3006 3963
3007 3964
3008 3965
3009 3966
3010 3967
3011 3968
3012 3969
3013 3970
3014 3971
3015 3972
2285 3973
3016 3974
3017 3975
3018 3976
3019 3977
1308 3978
3020 3979
3021 3980
3022 3981
3023 3982
3026 3983
3027 3984
3028 3985
3029 3986
3030 3987
3031 3988
3032 3989
3033 3990
3034 3991
3035 3992
3036 3993
3037 3994
3038 3995
3039 3996
3040 3997
3041 3998
3042 3999
3043 4000
3044 4001
3045 4002
3046 4003
2924 4004
3047 4005
3048 4006
3049 4007
3050 4008
3051 4009
3052 4010
3053 4011
615 4012
3054 4013
2330 4014
1168 4015
3055 4016
2392 4017
3056 4018
3057 4019
3058 4020
3059 4021
3060 4022
3061 4023
3062 4024
3063 4025
3064 4026
3065 4027
3066 4028
3068 4029
3069 4030
3070 4031
3071 4032
3072 4033
3073 4034
3074 4035
3075 4036
3076 4037
3079 4038
3080 4039
3081 4040
3083 4041
3084 4042
3085 4043
3086 4044
3087 4045
3088 4046
3089 4047
3090 4048
3091 4049
3092 4050
3093 4051
3078 4052
3094 4053
3095 4054
3096 4055
3097 4056
3098 4057
3099 4058
2967 4059
3100 4060
3101 4061
3102 4062
3103 4063
3104 4064
3105 4065
3106 4066
3107 4067
3108 4068
3109 4069
3110 4070
3067 4071
1927 4072
3111 4073
3112 4074
3115 4075
3116 4076
3117 4077
3118 4078
3120 4079
3121 4080
3122 4081
3123 4082
3125 4083
3127 4084
3128 4085
3129 4086
3130 4087
3131 4088
3133 4089
3134 4090
3136 4091
3137 4092
3138 4093
3139 4094
3140 4095
3114 4096
3141 4097
3142 4098
3143 4099
3144 4100
3145 4101
3146 4102
3147 4103
3149 4104
3150 4105
3151 4106
3152 4107
3153 4108
3154 4109
3155 4110
3156 4111
3157 4112
3158 4113
3159 4114
3160 4115
3161 4116
3162 4117
3163 4118
3164 4119
3165 4120
3166 4121
3167 4122
3168 4123
3170 4124
3171 4125
3172 4126
3173 4127
3174 4128
3175 4129
3176 4130
3177 4131
3178 4132
3179 4133
3180 4134
3181 4135
3182 4136
3183 4137
3184 4138
3185 4139
3186 4140
3187 4141
3188 4142
3189 4143
3190 4144
3191 4145
3025 4146
3194 4147
3195 4148
3199 4149
3200 4150
3201 4151
3202 4152
3203 4153
3204 4154
3205 4155
3206 4156
3207 4157
3208 4158
3209 4159
3210 4160
3211 4161
3212 4162
3213 4163
3214 4164
3215 4165
3216 4166
3217 4167
3218 4168
3219 4169
3220 4170
3221 4171
3222 4172
2639 4173
3223 4174
3224 4175
3225 4176
3226 4177
3227 4178
3228 4179
3229 4180
3230 4181
3231 4182
3233 4183
3234 4184
3113 4185
1926 4186
3235 4187
3236 4188
3237 4189
3238 4190
3239 4191
3240 4192
3241 4193
3242 4194
3243 4195
3244 4196
3245 4197
3246 4198
481 4199
3247 4200
3248 4201
3249 4202
3250 4203
3251 4204
3252 4205
3253 4206
3254 4207
3255 4208
3256 4209
3257 4210
3258 4211
3259 4212
3260 4213
3261 4214
3262 4215
3263 4216
3264 4217
3265 4218
3266 4219
3267 4220
3268 4221
3269 4222
2963 4223
3270 4224
3271 4225
3272 4226
3273 4227
3274 4228
3276 4229
3277 4230
3278 4231
3281 4232
3282 4233
3283 4234
3284 4235
3285 4236
3286 4237
3287 4238
2319 4239
3288 4240
3289 4241
3290 4242
3291 4243
3275 4244
3292 4245
3293 4246
3294 4247
3295 4248
3296 4249
2820 4250
3297 4251
3298 4252
3299 4253
3301 4254
3302 4255
3024 4256
3303 4257
3198 4258
453 4259
3304 4260
3305 4261
3306 4262
3307 4263
3308 4264
3309 4265
3310 4266
3311 4267
3312 4268
3313 4269
3314 4270
3315 4271
3316 4272
3317 4273
1891 4274
3318 4275
3148 4276
3319 4277
3320 4278
3321 4279
3322 4280
3323 4281
3324 4282
3325 4283
3326 4284
3327 4285
3328 4286
3329 4287
3330 4288
3331 4289
3332 4290
3333 4291
3334 4292
3335 4293
3336 4294
3337 4295
3338 4296
3339 4297
2320 4298
3340 4299
3341 4300
3342 4301
3343 4302
3344 4303
3345 4304
3346 4305
3347 4306
3348 4307
3349 4308
3350 4309
3351 4310
3352 4311
3353 4312
3354 4313
3355 4314
3356 4315
3357 4316
2202 4317
3358 4318
3359 4319
3360 4320
3361 4321
3362 4322
3363 4323
3364 4324
3365 4325
3366 4326
1504 4327
3077 4328
3367 4329
3197 4330
3368 4331
3369 4332
3370 4333
3371 4334
3372 4335
3373 4336
3132 4337
3374 4338
3375 4339
3377 4340
3379 4341
2209 4342
3380 4343
3381 4344
3382 4345
3383 4346
3384 4347
3385 4348
3386 4349
3387 4350
3389 4351
3390 4352
3391 4353
3392 4354
2927 4355
3393 4356
3394 4357
3378 4358
3395 4359
3396 4360
3397 4361
3398 4362
3399 4363
3400 4364
3401 4365
3402 4366
3404 4367
2347 4368
3405 4369
3406 4370
3407 4371
3408 4372
3409 4373
3410 4374
3411 4375
1897 4376
3412 4377
3413 4378
3414 4379
3415 4380
3416 4381
3417 4382
3135 4383
3418 4384
3419 4385
3420 4386
3421 4387
3422 4388
3423 4389
3424 4390
3425 4391
3426 4392
3427 4393
3428 4394
3429 4395
3430 4396
3431 4397
3432 4398
3433 4399
3434 4400
3435 4401
3436 4402
3437 4403
3438 4404
3439 4405
2327 4406
2925 4407
3440 4408
3441 4409
2003 4410
3442 4411
2034 4412
3443 4413
2768 4414
3444 4415
3445 4416
3446 4417
3447 4418
3448 4419
3449 4420
3450 4421
3451 4422
3452 4423
3232 4424
3453 4425
3454 4426
3455 4427
3456 4428
3457 4429
3459 4430
3460 4431
3461 4432
3462 4433
3463 4434
3464 4435
470 4436
3465 4437
3466 4438
3467 4439
3468 4440
3469 4441
3470 4442
3471 4443
3472 4444
3473 4445
3474 4446
3475 4447
3476 4448
3477 4449
3478 4450
3479 4451
3480 4452
3481 4453
3482 4454
3483 4455
3484 4456
3485 4457
3486 4458
3487 4459
3488 4460
3489 4461
3490 4462
3491 4463
3492 4464
3493 4465
3494 4466
3495 4467
3496 4468
3497 4469
3300 4470
3498 4471
3499 4472
3500 4473
3501 4474
3502 4475
3503 4476
3504 4477
3505 4478
3506 4479
3507 4480
3508 4481
3509 4482
3510 4483
3511 4484
3512 4485
3513 4486
3514 4487
3515 4488
3516 4489
3517 4490
3518 4491
3519 4492
3520 4493
3124 4494
3521 4495
3522 4496
3523 4497
3524 4498
3388 4499
3525 4500
3526 4501
3527 4502
3528 4503
3529 4504
3530 4505
2781 4506
3531 4507
3532 4508
3534 4509
3535 4510
3536 4511
3537 4512
3538 4513
3539 4514
2122 4515
2213 4516
3540 4517
3541 4518
2780 4519
3542 4520
3403 4521
3543 4522
3544 4523
3545 4524
3546 4525
3458 4526
3547 4527
3548 4528
3549 4529
3550 4530
3551 4531
3552 4532
3553 4533
3554 4534
3556 4535
2773 4536
3557 4537
3558 4538
2900 4539
3560 4540
582 4541
3562 4542
3564 4543
3555 4544
3565 4545
3566 4546
3567 4547
3568 4548
3569 4549
3570 4550
3571 4551
3572 4552
3573 4553
3576 4554
3082 4555
3577 4556
3578 4557
614 4558
3280 4559
3279 4560
3579 4561
3580 4562
3582 4563
3583 4564
3584 4565
3585 4566
3586 4567
3587 4568
3575 4569
3588 4570
3589 4571
3563 4572
2817 4573
3590 4574
3591 4575
3126 4576
3592 4577
3593 4578
3594 4579
3595 4580
3596 4581
3597 4582
3169 4583
3598 4584
2893 4585
3599 4586
3600 4587
3561 4588
3601 4589
3602 4590
3604 4591
3605 4592
3607 4593
3608 4594
3609 4595
2816 4596
3610 4597
3611 4598
3612 4599
3376 4600
3613 4601
3615 4602
3616 4603
3617 4604
3533 4605
3618 4606
3619 4607
3620 4608
3621 4609
3622 4610
2349 4611
3623 4612
3606 4613
3624 4614
3625 4615
3626 4616
3603 4617
3559 4618
3627 4619
3629 4620
3630 4621
3631 4622
3632 4623
3628 4624
3196 4625
3574 4626
3581 4627
3633 4628
3634 4629
3635 4630
3636 4631
3637 4632
3638 4633
3639 4634
3640 4635
3641 4636
3642 4637
3643 4638
3193 4639
3644 4640
3614 4641
3645 4642
3646 4643
3192 4644
3119 4645
2470 4646
